Inference for Stan model: anon_model_5d703b856fa2f28cab8159e4abe012f4.
4 chains, each with iter=20000; warmup=10000; thin=1; 
post-warmup draws per chain=10000, total post-warmup draws=40000.

                    mean se_mean     sd   2.5%    25%    50%    75%  97.5%  n_eff   Rhat
MB[1]             -19.19  3.1e-5 6.1e-3 -19.21  -19.2 -19.19 -19.19 -19.18  39808    1.0
coeff_angles[1]    -0.13  3.2e-5 5.6e-3  -0.14  -0.13  -0.13  -0.12  -0.11  31838    1.0
coeff_angles[2]     1.23  4.0e-5 7.2e-3   1.22   1.23   1.23   1.24   1.25  33159    1.0
coeff_angles[3]    -0.04  7.2e-5   0.01  -0.06  -0.05  -0.04  -0.04  -0.02  20997    1.0
sigma_int[1]        0.12  3.5e-5 5.5e-3   0.11   0.11   0.12   0.12   0.13  23999    1.0
outl_frac[1]        0.04  6.4e-5   0.01   0.02   0.03   0.04   0.05   0.06  34491    1.0
coeff[1]           -0.13  3.2e-5 5.7e-3  -0.14  -0.13  -0.13  -0.12  -0.12  31833    1.0
coeff[2]            2.85  3.6e-4   0.07   2.72   2.81   2.85    2.9   2.98  33233    1.0
coeff[3]           -0.04  7.2e-5   0.01  -0.06  -0.05  -0.04  -0.04  -0.02  20995    1.0
outl_loglike[1]     4.32  4.4e-3   0.61   2.85   4.09   4.41   4.68   5.22  19045    1.0
outl_loglike[2]     4.67  1.8e-3   0.33   4.05   4.45   4.66   4.89   5.37  33677    1.0
outl_loglike[3]     4.43  3.6e-3   0.51   3.18    4.2   4.48   4.75   5.26  20832    1.0
outl_loglike[4]     4.47  2.9e-3   0.47   3.38   4.24   4.51   4.77   5.28  25942    1.0
outl_loglike[5]     4.42  2.8e-3   0.49   3.29   4.17   4.47   4.74   5.25  31552    1.0
outl_loglike[6]     4.33  2.4e-3   0.48   3.28   4.05   4.36   4.64   5.18  40244    1.0
outl_loglike[7]     4.41  3.7e-3   0.51   3.21   4.17   4.46   4.72   5.22  19020    1.0
outl_loglike[8]     4.51  2.9e-3   0.43   3.53   4.27   4.53   4.78   5.28  22965    1.0
outl_loglike[9]     4.03  4.8e-3   0.82   1.98   3.68   4.21   4.57   5.15  29201    1.0
outl_loglike[10]    4.53  2.7e-3   0.43   3.54   4.29   4.55    4.8   5.31  26889    1.0
outl_loglike[11]    2.64  4.7e-3   1.09   0.11   2.04   2.78   3.41   4.37  53221    1.0
outl_loglike[12]    4.39  3.6e-3   0.55   3.06   4.15   4.46   4.73   5.24  22546    1.0
outl_loglike[13]    3.91  3.3e-3   0.49   2.77   3.67   3.96   4.22   4.73  21585    1.0
outl_loglike[14]    4.47  3.1e-3   0.45   3.44   4.23    4.5   4.75   5.26  21695    1.0
outl_loglike[15]    4.59  2.3e-3   0.38   3.82   4.35   4.59   4.83   5.33  27530    1.0
outl_loglike[16]    4.51  2.0e-3   0.41   3.65   4.26   4.52   4.77   5.28  39907    1.0
outl_loglike[17]    4.11  3.6e-3   0.72   2.34   3.75   4.24   4.59   5.16  40604    1.0
outl_loglike[18]    4.08  4.6e-3    0.6    2.6   3.84   4.17   4.44   4.98  16840    1.0
outl_loglike[19]    4.43  3.9e-3   0.53   3.15   4.19   4.49   4.75   5.26  18574    1.0
outl_loglike[20]    4.17  2.2e-3    0.5   3.12   3.87    4.2   4.51   5.07  51770    1.0
outl_loglike[21]    4.51  2.6e-3   0.44    3.5   4.27   4.54   4.79    5.3  27929    1.0
outl_loglike[22]    4.42  3.7e-3   0.54    3.1   4.19   4.48   4.75   5.27  20674    1.0
outl_loglike[23]     4.2  3.5e-3   0.68   2.53   3.89   4.32   4.65    5.2  36630    1.0
outl_loglike[24]    3.91  3.1e-3   0.67   2.37   3.52   3.99   4.38   5.02  48380    1.0
outl_loglike[25]    4.55  2.0e-3   0.38   3.76   4.31   4.55    4.8    5.3  38810    1.0
outl_loglike[26]    4.63  1.8e-3   0.35   3.97    4.4   4.62   4.86   5.35  36050    1.0
outl_loglike[27]    4.38  3.8e-3   0.58   2.95   4.14   4.46   4.73   5.25  23001    1.0
outl_loglike[28]    4.29  3.5e-3   0.62   2.74   4.02   4.39   4.69   5.22  32540    1.0
outl_loglike[29]    4.38  4.2e-3    0.6   2.88   4.14   4.47   4.74   5.25  20287    1.0
outl_loglike[30]    4.66  1.8e-3   0.34   4.01   4.43   4.64   4.87   5.36  35172    1.0
outl_loglike[31]    4.17  4.8e-3   0.79   2.19   3.89   4.33   4.65   5.19  26654    1.0
outl_loglike[32]    3.86  2.5e-3    0.6   2.54    3.5   3.91   4.27    4.9  55759    1.0
outl_loglike[33]    4.47  3.3e-3   0.49   3.28   4.24   4.52   4.78   5.28  22513    1.0
outl_loglike[34]    4.45  2.3e-3   0.45   3.44   4.19   4.48   4.74   5.26  38467    1.0
outl_loglike[35]    4.43  3.1e-3   0.51    3.2   4.19   4.49   4.75   5.27  26766    1.0
outl_loglike[36]    4.02  7.1e-3   1.08   1.46   3.74   4.28   4.62   5.18  22965    1.0
outl_loglike[37]    3.94  2.4e-3   0.57   2.69    3.6   3.99   4.33   4.95  55276    1.0
outl_loglike[38]     4.3  4.5e-3   0.66   2.65   4.07   4.41   4.69   5.21  21353    1.0
outl_loglike[39]    3.75  3.4e-3   0.57   2.37    3.5   3.82    4.1   4.64  27285    1.0
outl_loglike[40]    4.53  2.0e-3   0.39   3.72   4.29   4.54   4.78   5.29  39775    1.0
outl_loglike[41]    4.43  2.7e-3    0.5   3.27   4.18   4.48   4.75   5.26  32624    1.0
outl_loglike[42]    4.48  3.4e-3   0.49   3.35   4.25   4.53   4.78   5.29  21024    1.0
outl_loglike[43]    4.27  3.3e-3   0.64   2.68   3.97   4.38   4.68   5.22  36756    1.0
outl_loglike[44]    4.54  2.5e-3   0.43   3.59    4.3   4.56   4.81   5.31  29742    1.0
outl_loglike[45]    2.22    0.02   3.26   -7.7   1.79   3.29   4.11   4.95  20697    1.0
outl_loglike[46]    3.59  2.5e-3   0.63   2.21   3.21   3.64   4.02   4.69  61861    1.0
outl_loglike[47]     3.2    0.02   2.27  -3.44   2.85   3.84    4.4   5.07  20761    1.0
outl_loglike[48]    4.11  5.8e-3   0.93   1.82   3.84   4.32   4.63   5.19  26007    1.0
outl_loglike[49]    4.46  2.1e-3   0.43   3.53   4.21   4.48   4.75   5.26  42459    1.0
outl_loglike[50]    4.64  2.0e-3   0.35   3.96   4.41   4.63   4.86   5.35  30078    1.0
outl_loglike[51]    4.31  4.7e-3   0.67   2.63   4.07   4.42    4.7   5.23  20817    1.0
outl_loglike[52]    4.54  2.8e-3   0.42   3.62    4.3   4.56    4.8   5.31  23323    1.0
outl_loglike[53]    4.54  2.7e-3   0.42   3.62   4.31   4.56   4.81   5.31  23985    1.0
outl_loglike[54]    4.33  4.6e-3   0.66    2.7   4.09   4.44   4.72   5.24  20829    1.0
outl_loglike[55]    4.44  3.4e-3   0.52   3.18   4.21    4.5   4.76   5.27  22737    1.0
outl_loglike[56]     4.4  3.7e-3   0.52   3.15   4.17   4.46   4.72   5.22  19411    1.0
outl_loglike[57]    4.68  1.8e-3   0.33   4.07   4.45   4.67   4.89   5.37  33543    1.0
outl_loglike[58]    4.61  2.0e-3   0.36   3.89   4.38   4.61   4.84   5.33  34348    1.0
outl_loglike[59]    4.62  1.9e-3   0.35   3.93   4.39   4.62   4.85   5.34  35046    1.0
outl_loglike[60]    4.32  2.4e-3   0.51   3.18   4.03   4.37   4.66   5.21  44537    1.0
outl_loglike[61]    4.22  4.1e-3   0.73   2.35   3.95   4.37   4.68   5.22  31886    1.0
outl_loglike[62]    4.56  2.0e-3   0.39   3.75   4.33   4.57   4.82   5.31  36672    1.0
outl_loglike[63]    4.49  2.6e-3   0.47    3.4   4.24   4.53   4.79    5.3  33139    1.0
outl_loglike[64]    4.28  2.4e-3    0.5   3.18   3.99   4.32   4.62   5.18  43015    1.0
outl_loglike[65]    4.34  2.3e-3   0.49   3.23   4.06   4.38   4.67   5.21  44928    1.0
outl_loglike[66]    4.59  2.4e-3   0.39   3.79   4.36   4.59   4.84   5.33  26081    1.0
outl_loglike[67]    4.42  2.4e-3   0.48   3.34   4.16   4.46   4.73   5.25  39841    1.0
outl_loglike[68]     4.5  2.1e-3   0.41   3.63   4.26   4.52   4.78   5.29  40530    1.0
outl_loglike[69]     4.5  3.1e-3   0.46   3.42   4.27   4.54   4.79    5.3  22244    1.0
outl_loglike[70]    4.57  2.1e-3   0.38   3.79   4.34   4.57   4.81   5.31  33492    1.0
outl_loglike[71]    4.37  4.2e-3   0.57   2.98   4.14   4.45   4.72   5.24  18576    1.0
outl_loglike[72]    4.33  2.9e-3   0.49   3.18   4.09   4.38   4.65   5.16  28762    1.0
outl_loglike[73]    4.49  3.0e-3   0.47    3.4   4.25   4.53   4.78   5.29  23505    1.0
outl_loglike[74]    4.59  2.4e-3   0.38   3.78   4.36   4.59   4.83   5.33  25544    1.0
outl_loglike[75]    3.06  3.6e-3   0.85   1.16   2.55   3.14   3.66   4.49  54782    1.0
outl_loglike[76]    4.56  2.7e-3    0.4    3.7   4.32   4.57   4.81   5.31  22738    1.0
outl_loglike[77]    2.24    0.02   2.87  -6.44   1.69   3.12   3.99   4.88  24703    1.0
outl_loglike[78]    2.74  4.3e-3   0.98   0.54   2.17   2.85   3.43   4.35  51756    1.0
outl_loglike[79]    4.07  2.4e-3   0.54   2.89   3.75   4.11   4.44   5.02  51928    1.0
outl_loglike[80]     4.5  2.9e-3   0.46   3.44   4.27   4.54   4.79    5.3  24548    1.0
outl_loglike[81]    4.35  4.3e-3   0.62   2.83   4.12   4.45   4.72   5.24  20550    1.0
outl_loglike[82]    4.64  2.0e-3   0.35   3.97   4.41   4.63   4.86   5.35  31434    1.0
outl_loglike[83]    4.12  6.5e-3   0.96   1.81   3.86   4.33   4.65    5.2  22072    1.0
outl_loglike[84]    4.54  2.0e-3   0.39   3.72    4.3   4.55    4.8    5.3  39434    1.0
outl_loglike[85]    3.87  8.4e-3   1.32   0.73   3.55    4.2   4.59   5.17  24696    1.0
outl_loglike[86]    4.33  4.6e-3   0.62    2.8    4.1   4.43   4.71   5.23  18437    1.0
outl_loglike[87]     4.3  4.4e-3   0.66   2.64   4.05   4.41    4.7   5.23  22873    1.0
outl_loglike[88]    2.48    0.02   3.01  -6.74   2.12   3.43   4.17   4.94  20065    1.0
outl_loglike[89]     4.0  7.1e-3   1.08    1.4   3.73   4.26    4.6   5.16  23067    1.0
outl_loglike[90]    4.39  2.7e-3   0.51   3.19   4.12   4.44   4.72   5.24  36337    1.0
outl_loglike[91]    4.41  2.5e-3   0.46   3.35   4.17   4.44    4.7   5.22  33105    1.0
outl_loglike[92]    4.61  2.2e-3   0.37   3.88   4.38    4.6   4.84   5.33  27330    1.0
outl_loglike[93]    4.35  2.5e-3   0.51   3.17   4.08    4.4   4.69   5.22  41051    1.0
outl_loglike[94]    3.68  2.8e-3   0.64   2.26    3.3   3.74   4.13   4.79  53741    1.0
outl_loglike[95]    4.65  1.9e-3   0.35   3.98   4.42   4.64   4.87   5.36  32183    1.0
outl_loglike[96]    4.61  2.1e-3   0.36   3.91   4.39   4.61   4.84   5.34  28554    1.0
outl_loglike[97]    4.37  3.8e-3   0.55   3.02   4.14   4.44   4.71   5.23  20769    1.0
outl_loglike[98]    4.38  4.0e-3   0.58   2.93   4.16   4.47   4.73   5.25  21058    1.0
outl_loglike[99]    4.46  3.6e-3    0.5   3.24   4.23   4.51   4.77   5.28  19411    1.0
outl_loglike[100]   4.65  1.9e-3   0.34    4.0   4.42   4.64   4.87   5.36  33657    1.0
outl_loglike[101]    4.4  3.6e-3   0.56    3.0   4.16   4.48   4.75   5.27  24311    1.0
outl_loglike[102]   4.21  3.1e-3   0.63    2.7   3.89   4.31   4.64   5.19  40471    1.0
outl_loglike[103]   4.36  4.1e-3   0.56   3.02   4.13   4.44    4.7   5.22  18728    1.0
outl_loglike[104]   3.36  3.2e-3   0.77   1.61   2.91   3.44    3.9   4.66  57271    1.0
outl_loglike[105]   1.37    0.03   4.15 -11.04   0.92   2.93   3.84   4.67  20744    1.0
outl_loglike[106]    4.5  2.1e-3   0.42   3.59   4.25   4.52   4.77   5.28  38281    1.0
outl_loglike[107]   4.56  1.9e-3   0.38    3.8   4.32   4.56   4.81   5.31  39464    1.0
outl_loglike[108]    4.3  4.6e-3   0.63   2.73   4.07    4.4   4.68   5.21  19207    1.0
outl_loglike[109]   4.06  7.7e-3   1.13   1.56    3.8   4.31   4.64   5.19  21400    1.0
outl_loglike[110]   4.32  4.7e-3   0.66   2.73    4.1   4.43   4.71   5.22  19746    1.0
outl_loglike[111]   4.54  2.3e-3   0.42   3.62    4.3   4.56    4.8   5.31  33298    1.0
outl_loglike[112]   4.28  5.0e-3    0.7   2.58   4.05    4.4   4.68   5.21  19503    1.0
outl_loglike[113]   4.39  2.0e-3   0.44   3.45   4.12   4.41   4.68   5.21  46545    1.0
outl_loglike[114]   3.45  2.9e-3   0.71   1.89   3.02   3.52   3.95   4.67  60732    1.0
outl_loglike[115]   3.64  2.7e-3   0.64   2.22   3.25   3.69   4.08   4.76  58230    1.0
outl_loglike[116]   3.93  3.2e-3   0.69   2.31   3.55   4.03   4.41   5.04  46078    1.0
outl_loglike[117]   3.37  3.3e-3   0.77   1.67   2.91   3.45   3.91   4.68  53072    1.0
outl_loglike[118]    4.6  1.8e-3   0.36    3.9   4.37    4.6   4.83   5.32  39441    1.0
outl_loglike[119]   4.45  3.5e-3   0.51   3.23   4.22   4.51   4.77   5.28  20951    1.0
outl_loglike[120]   4.43  3.5e-3   0.51    3.2   4.19   4.49   4.75   5.26  20959    1.0
outl_loglike[121]   4.34  4.4e-3   0.62   2.77   4.11   4.43   4.71   5.23  19659    1.0
outl_loglike[122]   2.55    0.01   1.97  -2.98   1.88   3.03   3.83   4.79  31423    1.0
outl_loglike[123]   4.47  3.2e-3   0.47   3.38   4.23   4.51   4.77   5.28  21522    1.0
outl_loglike[124]   4.57  1.9e-3   0.37   3.83   4.33   4.57   4.81   5.31  39598    1.0
outl_loglike[125]   4.34  4.7e-3   0.64   2.78   4.11   4.44   4.72   5.23  18596    1.0
outl_loglike[126]   4.01  2.3e-3   0.56   2.79   3.68   4.06   4.39   4.99  56808    1.0
outl_loglike[127]   4.56  2.1e-3    0.4   3.73   4.33   4.58   4.82   5.32  35154    1.0
outl_loglike[128]    4.3  4.7e-3    0.7   2.59   4.06   4.42    4.7   5.23  22286    1.0
outl_loglike[129]    3.9  4.2e-3   0.88   1.71   3.49   4.08    4.5   5.11  43669    1.0
outl_loglike[130]   4.29  4.0e-3   0.64   2.66   4.04   4.41    4.7   5.23  26497    1.0
outl_loglike[131]   4.33  4.5e-3   0.62   2.78   4.09   4.43    4.7   5.22  18874    1.0
outl_loglike[132]   4.26  3.8e-3   0.67   2.55   3.98   4.39   4.69   5.23  32113    1.0
outl_loglike[133]   4.44  3.6e-3   0.51   3.21   4.21    4.5   4.76   5.27  19672    1.0
outl_loglike[134]   4.59  2.1e-3   0.38   3.82   4.35   4.59   4.83   5.32  33743    1.0
outl_loglike[135]   4.49  2.9e-3   0.46    3.4   4.25   4.53   4.78   5.28  26283    1.0
outl_loglike[136]   4.16  2.4e-3   0.52   3.03   3.85    4.2   4.52   5.09  45996    1.0
outl_loglike[137]   4.15  4.5e-3   0.76    2.2   3.85   4.31   4.64   5.19  29285    1.0
outl_loglike[138]   4.58  2.4e-3   0.39   3.78   4.35   4.59   4.83   5.33  25374    1.0
outl_loglike[139]   4.66  2.0e-3   0.34    4.0   4.43   4.65   4.88   5.36  30189    1.0
outl_loglike[140]   4.49  2.3e-3   0.44   3.51   4.25   4.52   4.78   5.28  35872    1.0
outl_loglike[141]   4.61  2.2e-3   0.37   3.87   4.38   4.61   4.84   5.34  29122    1.0
outl_loglike[142]   3.32  4.0e-3   0.95   1.07   2.81   3.46   3.99   4.76  56131    1.0
outl_loglike[143]   4.53  2.3e-3   0.42   3.61   4.29   4.55    4.8   5.31  33028    1.0
outl_loglike[144]   4.13  4.5e-3   0.79   2.14   3.82    4.3   4.63   5.18  30969    1.0
outl_loglike[145]   4.36  4.1e-3   0.59   2.91   4.12   4.44   4.72   5.24  20756    1.0
outl_loglike[146]   4.33  2.5e-3   0.51   3.15   4.05   4.37   4.66    5.2  43034    1.0
outl_loglike[147]    4.4  3.9e-3   0.56   3.04   4.17   4.47   4.74   5.27  20385    1.0
outl_loglike[148]   4.25  5.4e-3   0.78   2.36   4.02    4.4   4.69   5.23  20696    1.0
outl_loglike[149]   3.49    0.01   1.61  -0.66   3.08   3.91   4.42   5.06  24045    1.0
outl_loglike[150]   4.26  4.9e-3   0.71   2.52   4.02   4.38   4.67    5.2  20574    1.0
outl_loglike[151]   3.27  1.7e-3   0.33   2.68   3.04   3.25   3.48   3.97  37786    1.0
outl_loglike[152]   4.68  1.8e-3   0.33   4.06   4.45   4.66   4.89   5.37  34191    1.0
outl_loglike[153]   4.37  2.4e-3    0.5   3.22   4.09   4.41    4.7   5.24  42674    1.0
outl_loglike[154]   4.42  3.6e-3   0.51   3.19   4.18   4.47   4.74   5.25  20302    1.0
outl_loglike[155]    3.9  2.9e-3   0.69   2.32   3.51   3.99   4.37   5.01  57688    1.0
outl_loglike[156]   3.27  1.7e-3   0.33   2.68   3.04   3.25   3.48   3.97  37786    1.0
outl_loglike[157]   4.26  5.1e-3   0.74   2.45   4.03    4.4   4.69   5.21  20942    1.0
outl_loglike[158]   4.55  2.7e-3   0.42   3.63   4.31   4.57   4.81   5.32  23520    1.0
outl_loglike[159]   4.42  1.9e-3   0.41   3.57   4.15   4.42   4.69   5.21  46975    1.0
outl_loglike[160]   4.57  2.5e-3    0.4   3.74   4.33   4.58   4.82   5.31  25390    1.0
outl_loglike[161]   4.57  2.5e-3   0.39   3.76   4.34   4.58   4.82   5.32  23831    1.0
outl_loglike[162]   4.39  3.8e-3   0.55   3.05   4.16   4.46   4.73   5.26  21455    1.0
outl_loglike[163]   4.15  2.5e-3   0.57   2.86   3.83   4.21   4.54   5.12  51318    1.0
outl_loglike[164]   4.69  1.7e-3   0.33    4.1   4.46   4.67    4.9   5.38  35877    1.0
outl_loglike[165]   4.27  5.9e-3   0.76   2.43   4.05   4.41   4.69   5.22  16476    1.0
outl_loglike[166]   4.42  3.8e-3   0.54    3.1   4.18   4.49   4.75   5.26  19674    1.0
outl_loglike[167]   3.91  3.2e-3   0.72   2.22   3.51   4.01   4.41   5.04  51399    1.0
outl_loglike[168]   4.42  2.0e-3   0.42   3.54   4.16   4.43    4.7   5.22  45120    1.0
outl_loglike[169]   4.65  1.9e-3   0.34    4.0   4.42   4.64   4.87   5.36  33498    1.0
outl_loglike[170]   4.42  2.7e-3    0.5   3.24   4.17   4.47   4.74   5.26  33732    1.0
outl_loglike[171]    4.5  2.9e-3   0.46   3.41   4.26   4.54   4.79    5.3  25314    1.0
outl_loglike[172]   4.62  2.1e-3   0.37   3.89   4.38   4.62   4.85   5.34  30891    1.0
outl_loglike[173]   4.49  3.0e-3   0.45   3.47   4.26   4.52   4.77   5.28  21916    1.0
outl_loglike[174]   4.44  3.5e-3   0.53   3.14    4.2    4.5   4.76   5.28  22906    1.0
outl_loglike[175]   4.63  2.0e-3   0.35   3.94    4.4   4.63   4.86   5.35  32308    1.0
outl_loglike[176]   4.56  2.5e-3    0.4   3.72   4.33   4.57   4.82   5.32  26872    1.0
outl_loglike[177]   4.06  4.9e-3   0.86   1.89   3.71   4.25    4.6   5.18  30975    1.0
outl_loglike[178]   4.45  2.7e-3   0.48   3.36    4.2   4.49   4.75   5.27  31805    1.0
outl_loglike[179]   4.41  3.4e-3   0.52   3.13   4.17   4.47   4.73   5.25  23697    1.0
outl_loglike[180]   4.44  2.9e-3    0.5   3.25    4.2    4.5   4.76   5.27  30626    1.0
outl_loglike[181]   4.51  2.7e-3   0.45   3.49   4.27   4.54   4.79   5.29  28390    1.0
outl_loglike[182]   4.51  1.9e-3   0.39   3.71   4.26   4.51   4.76   5.27  43235    1.0
outl_loglike[183]    4.1  5.1e-3   0.87   1.88   3.79    4.3   4.63   5.19  29658    1.0
outl_loglike[184]   4.17  3.4e-3   0.67   2.53   3.86   4.29   4.61   5.17  38399    1.0
outl_loglike[185]   4.35  4.4e-3   0.62   2.83   4.12   4.44   4.72   5.25  19436    1.0
outl_loglike[186]   4.27  4.6e-3    0.7   2.55   4.03    4.4   4.68   5.21  22618    1.0
outl_loglike[187]   4.16  6.8e-3   0.95   1.97   3.93   4.35   4.66   5.19  19479    1.0
outl_loglike[188]    4.4  3.9e-3   0.57    3.0   4.16   4.47   4.74   5.26  21600    1.0
outl_loglike[189]   4.42  2.0e-3   0.42   3.55   4.16   4.43    4.7   5.22  44467    1.0
outl_loglike[190]   4.43  3.4e-3   0.53   3.14    4.2   4.49   4.76   5.27  24329    1.0
outl_loglike[191]   4.64  1.9e-3   0.35   3.97   4.41   4.63   4.87   5.36  32880    1.0
outl_loglike[192]   4.57  2.5e-3   0.39   3.75   4.34   4.58   4.82   5.32  24389    1.0
outl_loglike[193]   4.41  3.7e-3   0.55   3.07   4.17   4.48   4.75   5.26  22621    1.0
outl_loglike[194]    4.4  2.6e-3    0.5   3.23   4.13   4.45   4.72   5.24  38375    1.0
outl_loglike[195]   4.28  3.8e-3   0.67   2.57   4.02   4.41    4.7   5.24  30521    1.0
outl_loglike[196]   4.55  2.5e-3   0.41   3.67   4.31   4.57   4.81   5.32  27952    1.0
outl_loglike[197]   4.47  2.3e-3   0.45   3.48   4.21    4.5   4.76   5.27  38765    1.0
outl_loglike[198]   4.02  2.4e-3   0.57   2.74   3.68   4.07   4.41   5.01  55382    1.0
outl_loglike[199]   4.26  5.5e-3   0.79   2.36   4.02   4.41   4.71   5.23  20417    1.0
outl_loglike[200]   4.51  1.9e-3    0.4   3.69   4.26   4.51   4.76   5.27  43109    1.0
outl_loglike[201]   3.98  3.8e-3   0.79   2.06   3.59   4.12   4.52   5.12  43491    1.0
outl_loglike[202]   4.39  3.2e-3   0.56   3.03   4.14   4.46   4.74   5.26  30438    1.0
outl_loglike[203]   4.16  3.7e-3   0.65   2.56   3.86   4.28   4.59   5.14  31694    1.0
outl_loglike[204]   4.28  4.3e-3   0.69   2.54   4.04    4.4   4.69   5.22  25862    1.0
outl_loglike[205]   4.67  1.8e-3   0.34   4.04   4.44   4.66   4.89   5.37  33676    1.0
outl_loglike[206]   4.34  2.4e-3   0.49   3.23   4.06   4.38   4.66    5.2  40520    1.0
outl_loglike[207]   3.76  4.6e-3   0.94   1.47   3.32   3.95    4.4   5.05  41890    1.0
outl_loglike[208]   4.55  2.7e-3   0.41   3.65   4.32   4.57   4.81   5.31  23689    1.0
outl_loglike[209]   4.48  3.0e-3   0.46    3.4   4.24   4.52   4.77   5.27  24816    1.0
outl_loglike[210]   3.74  2.5e-3   0.59   2.47   3.38   3.78   4.15    4.8  55697    1.0
outl_loglike[211]   4.44  2.8e-3    0.5   3.25   4.19   4.49   4.75   5.27  31304    1.0
outl_loglike[212]    2.7    0.02    2.9   -6.4   2.38   3.59   4.28   5.02  20252    1.0
outl_loglike[213]   4.33  3.8e-3   0.61    2.8   4.08   4.43   4.71   5.24  26062    1.0
outl_loglike[214]   4.51  2.1e-3   0.42   3.61   4.26   4.52   4.78   5.29  38343    1.0
outl_loglike[215]   4.55  1.9e-3   0.38   3.78   4.31   4.55   4.79   5.29  40433    1.0
outl_loglike[216]   3.66  4.8e-3   1.01   1.18   3.19   3.86   4.36   5.03  44590    1.0
outl_loglike[217]   4.52  3.0e-3   0.43   3.54   4.29   4.54   4.79   5.29  21171    1.0
outl_loglike[218]   4.52  2.1e-3   0.41   3.64   4.27   4.53   4.79    5.3  37411    1.0
outl_loglike[219]   4.36  4.7e-3   0.61    2.9   4.13   4.45   4.72   5.24  17399    1.0
outl_loglike[220]    4.6  2.1e-3   0.38   3.83   4.36    4.6   4.84   5.33  30786    1.0
outl_loglike[221]    4.3  2.8e-3   0.56   2.96   4.01   4.37   4.67    5.2  39112    1.0
outl_loglike[222]   4.53  2.6e-3   0.43   3.57   4.29   4.55    4.8    5.3  26961    1.0
outl_loglike[223]   4.56  2.6e-3    0.4   3.68   4.33   4.57   4.81   5.31  23867    1.0
outl_loglike[224]    4.4  2.3e-3   0.47   3.35   4.13   4.44   4.71   5.24  42183    1.0
outl_loglike[225]   3.14  4.6e-3   1.04   0.69   2.58   3.28   3.87   4.73  52102    1.0
outl_loglike[226]   4.38  3.1e-3   0.55   3.03   4.13   4.46   4.73   5.26  32308    1.0
outl_loglike[227]   4.65  1.9e-3   0.34    4.0   4.42   4.64   4.87   5.36  32462    1.0
outl_loglike[228]    4.6  2.1e-3   0.37   3.86   4.36    4.6   4.83   5.32  29238    1.0
outl_loglike[229]   4.58  2.0e-3   0.38    3.8   4.35   4.58   4.83   5.33  35307    1.0
outl_loglike[230]    4.4  3.9e-3   0.56   3.03   4.17   4.47   4.74   5.25  20363    1.0
outl_loglike[231]   4.46  3.5e-3    0.5   3.25   4.22   4.51   4.77   5.28  20651    1.0
outl_loglike[232]   4.27  5.0e-3   0.73   2.51   4.03    4.4   4.69   5.22  21344    1.0
outl_loglike[233]   4.03  5.7e-3   0.96   1.63    3.7   4.26   4.61   5.17  28420    1.0
outl_loglike[234]   4.24  2.5e-3   0.54   3.01   3.93   4.29    4.6   5.16  45359    1.0
outl_loglike[235]   4.17  6.1e-3   0.87   2.09   3.94   4.34   4.64   5.18  20454    1.0
outl_loglike[236]   4.37  3.1e-3   0.57   2.95   4.12   4.45   4.73   5.25  33492    1.0
outl_loglike[237]   4.66  1.8e-3   0.34   4.02   4.43   4.64   4.87   5.36  35809    1.0
outl_loglike[238]   4.41  3.9e-3   0.56   3.06   4.17   4.48   4.75   5.26  20470    1.0
outl_loglike[239]   4.53  2.1e-3    0.4   3.69   4.29   4.54   4.79   5.29  36375    1.0
outl_loglike[240]   4.51  2.6e-3   0.43   3.56   4.28   4.54   4.79   5.29  26541    1.0
outl_loglike[241]   4.46  3.4e-3   0.51   3.25   4.22   4.51   4.77   5.28  22200    1.0
outl_loglike[242]   3.91  2.8e-3   0.64   2.47   3.55   3.98   4.35   4.98  53199    1.0
outl_loglike[243]   4.69  1.7e-3   0.33   4.09   4.46   4.67    4.9   5.38  35299    1.0
outl_loglike[244]   3.61  4.1e-3   0.86    1.6   3.14   3.73   4.21   4.91  43942    1.0
outl_loglike[245]   3.92  3.4e-3   0.77   2.04   3.52   4.05   4.45   5.07  51432    1.0
outl_loglike[246]   3.87  2.8e-3   0.65   2.42   3.48   3.94   4.32   4.96  55241    1.0
outl_loglike[247]   4.48  2.8e-3   0.46    3.4   4.24   4.52   4.78   5.29  26841    1.0
outl_loglike[248]    2.5  3.9e-3   0.92   0.45   1.95   2.58   3.14   4.07  57417    1.0
outl_loglike[249]   4.65  2.0e-3   0.35   3.99   4.42   4.64   4.87   5.36  31602    1.0
outl_loglike[250]   4.39  4.2e-3   0.57   2.98   4.16   4.47   4.74   5.26  18681    1.0
outl_loglike[251]    4.4  2.6e-3    0.5   3.23   4.15   4.46   4.73   5.25  36262    1.0
outl_loglike[252]   4.54  2.7e-3   0.42   3.61   4.31   4.57   4.81   5.31  24017    1.0
outl_loglike[253]   4.44  2.5e-3   0.47   3.37   4.18   4.48   4.74   5.25  36152    1.0
outl_loglike[254]    4.4  4.0e-3   0.55   3.03   4.16   4.47   4.73   5.25  19293    1.0
outl_loglike[255]   4.16  2.5e-3   0.56   2.91   3.82    4.2   4.54   5.13  48819    1.0
outl_loglike[256]   4.45  2.5e-3   0.47   3.36    4.2   4.49   4.75   5.27  35759    1.0
outl_loglike[257]   3.87  8.8e-3   1.31   0.82   3.58    4.2   4.57   5.14  21947    1.0
outl_loglike[258]   4.32  4.6e-3   0.63   2.74   4.09   4.42    4.7   5.21  18992    1.0
outl_loglike[259]   4.58  2.5e-3   0.39   3.77   4.35   4.59   4.83   5.33  23971    1.0
outl_loglike[260]   4.46  3.5e-3   0.51   3.22   4.23   4.52   4.78   5.28  20885    1.0
outl_loglike[261]    4.5  3.2e-3   0.45   3.47   4.27   4.53   4.79    5.3  20192    1.0
outl_loglike[262]   4.33  4.7e-3   0.66   2.69    4.1   4.43   4.71   5.23  19865    1.0
outl_loglike[263]   4.34  4.4e-3   0.62    2.8    4.1   4.43   4.71   5.24  19425    1.0
outl_loglike[264]   3.14  5.6e-3   1.17    0.3   2.56   3.34   3.96    4.8  43157    1.0
outl_loglike[265]   4.52  2.9e-3   0.45    3.5   4.28   4.55    4.8   5.31  24460    1.0
outl_loglike[266]   4.45  2.8e-3   0.49   3.28    4.2   4.49   4.76   5.27  30307    1.0
outl_loglike[267]   4.36  2.3e-3   0.48   3.31   4.07   4.39   4.67   5.21  43674    1.0
outl_loglike[268]   4.63  1.8e-3   0.35   3.97    4.4   4.62   4.85   5.34  38165    1.0
outl_loglike[269]   4.39  4.2e-3   0.57   2.99   4.16   4.47   4.73   5.25  17984    1.0
outl_loglike[270]   4.59  2.4e-3   0.38    3.8   4.35   4.59   4.83   5.33  26325    1.0
outl_loglike[271]   4.36  3.8e-3   0.56   2.99   4.13   4.44    4.7   5.22  21036    1.0
outl_loglike[272]   4.56  2.0e-3   0.39   3.77   4.33   4.57   4.81   5.32  36370    1.0
outl_loglike[273]   4.49  2.0e-3    0.4   3.65   4.25   4.51   4.76   5.27  41079    1.0
outl_loglike[274]   4.34  4.7e-3   0.63   2.78   4.11   4.44   4.72   5.24  18179    1.0
outl_loglike[275]   3.72  5.3e-3   1.02    1.2   3.26   3.93   4.41   5.07  37272    1.0
outl_loglike[276]   4.45  3.3e-3   0.49   3.28   4.22    4.5   4.76   5.27  22048    1.0
outl_loglike[277]   4.51  2.4e-3   0.43   3.53   4.27   4.53   4.79   5.29  33146    1.0
outl_loglike[278]   4.61  2.0e-3   0.37   3.87   4.37    4.6   4.84   5.33  35599    1.0
outl_loglike[279]   2.33  7.9e-3   1.61  -1.82   1.61   2.65   3.43   4.48  41727    1.0
outl_loglike[280]   4.31  2.4e-3   0.51   3.15   4.02   4.36   4.65    5.2  46781    1.0
outl_loglike[281]   2.61  9.5e-3   1.77  -2.21   1.94    3.0   3.79   4.76  34597    1.0
outl_loglike[282]   2.92    0.01   1.99  -2.83   2.39   3.44   4.15   4.94  25345    1.0
outl_loglike[283]   4.56  2.6e-3    0.4    3.7   4.33   4.58   4.82   5.32  24772    1.0
outl_loglike[284]    4.6  2.3e-3   0.38   3.82   4.37    4.6   4.84   5.33  26874    1.0
outl_loglike[285]   4.62  2.1e-3   0.35   3.94   4.39   4.61   4.85   5.34  29589    1.0
outl_loglike[286]   4.43  2.4e-3   0.47   3.34   4.18   4.47   4.73   5.25  37647    1.0
outl_loglike[287]    4.5  2.4e-3   0.44   3.52   4.26   4.53   4.78   5.29  32770    1.0
outl_loglike[288]   4.42  3.5e-3    0.5   3.21   4.19   4.48   4.74   5.25  21273    1.0
outl_loglike[289]    4.3  4.0e-3   0.64   2.66   4.05   4.41    4.7   5.24  25976    1.0
outl_loglike[290]   4.34  3.0e-3   0.56   2.99   4.07   4.41    4.7   5.23  33928    1.0
outl_loglike[291]    4.4  2.4e-3   0.48   3.33   4.13   4.44   4.72   5.25  38363    1.0
outl_loglike[292]   3.62  3.3e-3    0.8   1.75   3.16   3.72   4.18   4.89  57662    1.0
outl_loglike[293]   4.27  4.6e-3   0.62   2.78   4.03   4.36   4.64   5.16  17947    1.0
outl_loglike[294]   4.35  3.2e-3   0.58   2.92   4.09   4.43   4.72   5.25  33069    1.0
outl_loglike[295]   4.37  3.2e-3   0.56   2.99   4.12   4.44   4.72   5.25  29867    1.0
outl_loglike[296]   4.55  1.9e-3   0.39   3.77    4.3   4.55    4.8    5.3  39205    1.0
outl_loglike[297]   4.22  3.1e-3   0.61   2.78   3.91   4.31   4.63   5.19  37827    1.0
outl_loglike[298]   4.49  3.1e-3   0.46   3.42   4.26   4.53   4.78   5.29  22385    1.0
outl_loglike[299]   4.41  3.9e-3   0.56   3.04   4.17   4.48   4.75   5.27  20784    1.0
outl_loglike[300]   4.23  2.3e-3   0.52   3.06   3.93   4.27   4.58   5.13  48778    1.0
outl_loglike[301]   4.61  2.2e-3   0.37   3.88   4.38   4.61   4.84   5.33  28158    1.0
outl_loglike[302]   3.08  3.3e-3    0.8   1.32    2.6   3.14   3.64   4.44  58691    1.0
outl_loglike[303]   4.58  2.5e-3   0.39   3.76   4.35   4.59   4.83   5.33  25232    1.0
outl_loglike[304]   4.15  2.2e-3    0.5   3.08   3.85   4.18   4.49   5.06  51013    1.0
outl_loglike[305]   4.59  2.4e-3   0.38   3.82   4.36    4.6   4.83   5.33  25440    1.0
outl_loglike[306]   4.69  1.8e-3   0.33   4.09   4.46   4.67    4.9   5.38  34328    1.0
outl_loglike[307]   4.47  2.3e-3   0.44   3.51   4.21   4.49   4.75   5.27  38170    1.0
outl_loglike[308]   4.64  1.9e-3   0.35   3.97   4.41   4.63   4.86   5.35  34928    1.0
outl_loglike[309]   0.99  7.6e-3   1.73  -3.12   0.06   1.28   2.23   3.59  52251    1.0
outl_loglike[310]   3.19  3.5e-3   0.81   1.39   2.71   3.26   3.76   4.56  55137    1.0
outl_loglike[311]   4.41  2.1e-3   0.44   3.47   4.14   4.43   4.69   5.22  44711    1.0
outl_loglike[312]   4.42  3.6e-3   0.53   3.12   4.18   4.48   4.75   5.27  21753    1.0
outl_loglike[313]   4.55  2.6e-3   0.42   3.66   4.31   4.57   4.81   5.32  26476    1.0
outl_loglike[314]   4.07  5.7e-3   0.84   1.99   3.81   4.24   4.55    5.1  21465    1.0
outl_loglike[315]   4.61  2.1e-3   0.37   3.88   4.38   4.61   4.85   5.34  30119    1.0
outl_loglike[316]   4.56  2.0e-3   0.38   3.78   4.32   4.57   4.81   5.32  37586    1.0
outl_loglike[317]   4.37  4.1e-3    0.6   2.86   4.14   4.45   4.73   5.25  21428    1.0
outl_loglike[318]   4.39  4.5e-3   0.59   2.92   4.16   4.48   4.74   5.26  17416    1.0
outl_loglike[319]   4.45  3.6e-3   0.51   3.22   4.21    4.5   4.76   5.28  20534    1.0
outl_loglike[320]   4.48  3.1e-3   0.48   3.35   4.24   4.52   4.78   5.29  24219    1.0
outl_loglike[321]   2.13  9.0e-3   1.69  -2.25   1.38   2.47   3.29   4.41  35337    1.0
outl_loglike[322]   3.72  4.6e-3   0.95   1.39   3.25   3.89   4.37   5.04  43189    1.0
outl_loglike[323]   3.94  2.6e-3   0.61   2.58   3.58   3.99   4.36   4.98  55346    1.0
outl_loglike[324]   4.15  3.0e-3   0.64   2.63   3.81   4.25   4.58   5.16  44132    1.0
outl_loglike[325]   4.14  2.4e-3   0.54   2.94   3.82   4.19   4.51    5.1  50775    1.0
outl_loglike[326]   4.55  2.1e-3    0.4   3.72   4.31   4.56   4.81   5.31  37221    1.0
outl_loglike[327]   4.47  2.2e-3   0.43   3.54   4.21   4.49   4.75   5.27  38227    1.0
outl_loglike[328]   4.67  1.8e-3   0.34   4.04   4.44   4.66   4.89   5.37  33366    1.0
outl_loglike[329]   4.59  1.9e-3   0.37   3.87   4.36   4.59   4.83   5.32  38075    1.0
outl_loglike[330]   3.17  3.3e-3   0.77   1.47   2.71   3.24   3.72   4.49  54214    1.0
outl_loglike[331]   4.19  4.6e-3    0.7   2.45   3.95   4.32   4.61   5.13  22951    1.0
outl_loglike[332]    4.4  3.6e-3   0.55   3.05   4.16   4.47   4.74   5.26  23078    1.0
outl_loglike[333]   4.44  3.8e-3   0.53   3.16    4.2    4.5   4.76   5.27  19354    1.0
outl_loglike[334]   4.54  2.7e-3   0.42   3.62    4.3   4.56   4.81   5.31  25261    1.0
outl_loglike[335]    4.5  3.0e-3   0.45   3.49   4.26   4.53   4.78   5.29  22779    1.0
outl_loglike[336]   4.55  2.5e-3   0.41   3.67   4.31   4.56   4.81   5.31  27073    1.0
outl_loglike[337]   4.62  1.9e-3   0.35   3.94   4.39   4.62   4.85   5.34  35342    1.0
outl_loglike[338]   4.37  3.5e-3   0.56   2.99   4.13   4.45   4.72   5.24  25646    1.0
outl_loglike[339]   4.34  2.9e-3   0.55   3.06   4.06    4.4   4.69   5.23  35510    1.0
outl_loglike[340]   4.28  4.3e-3   0.67   2.58   4.03   4.39   4.68   5.21  23845    1.0
outl_loglike[341]   -1.1    0.02   3.87 -10.07  -3.57  -0.25   1.98   4.03  47772    1.0
outl_loglike[342]    3.5  3.4e-3   0.79    1.7   3.05   3.59   4.05   4.78  55178    1.0
outl_loglike[343]   4.56  2.5e-3   0.41   3.69   4.33   4.58   4.82   5.32  27448    1.0
outl_loglike[344]   4.64  2.0e-3   0.35   3.96   4.41   4.63   4.87   5.35  30920    1.0
outl_loglike[345]   4.48  2.0e-3   0.41   3.63   4.23   4.49   4.75   5.27  40995    1.0
outl_loglike[346]   4.24  5.0e-3   0.75   2.35    4.0   4.38   4.68   5.21  22343    1.0
outl_loglike[347]   4.49  2.4e-3   0.45   3.49   4.24   4.52   4.78   5.29  35914    1.0
outl_loglike[348]   4.24  4.9e-3   0.71    2.5   3.99   4.37   4.66   5.19  21258    1.0
outl_loglike[349]   4.35  4.3e-3   0.58    2.9   4.12   4.43    4.7   5.22  18109    1.0
outl_loglike[350]   4.37  4.2e-3   0.58   2.94   4.14   4.45   4.72   5.24  19495    1.0
outl_loglike[351]   2.87  3.7e-3    0.9   0.86   2.34   2.96    3.5   4.37  58057    1.0
outl_loglike[352]   4.13  2.5e-3   0.57   2.85   3.81   4.18   4.51    5.1  50627    1.0
outl_loglike[353]   4.35  2.9e-3   0.55   3.03   4.09   4.42   4.71   5.24  35043    1.0
outl_loglike[354]   4.37  4.5e-3    0.6   2.88   4.14   4.46   4.73   5.25  17549    1.0
outl_loglike[355]   4.67  1.8e-3   0.33   4.06   4.44   4.66   4.89   5.37  34537    1.0
outl_loglike[356]   4.09  5.9e-3    0.9   1.85   3.81   4.29   4.62   5.18  23282    1.0
outl_loglike[357]   4.57  2.5e-3    0.4   3.73   4.34   4.58   4.82   5.32  25772    1.0
outl_loglike[358]   4.46  2.6e-3   0.48   3.35   4.22    4.5   4.77   5.28  32916    1.0
outl_loglike[359]   4.53  2.0e-3   0.39   3.72   4.28   4.53   4.79   5.29  37959    1.0
outl_loglike[360]   4.32  3.9e-3   0.62   2.74   4.08   4.42   4.71   5.24  25675    1.0
outl_loglike[361]   3.98  2.7e-3   0.61   2.62   3.62   4.04    4.4   5.01  49952    1.0
outl_loglike[362]   4.25  3.5e-3   0.67   2.56   3.95   4.36   4.67   5.22  36469    1.0
outl_loglike[363]   4.65  1.8e-3   0.34   3.99   4.42   4.64   4.87   5.35  35474    1.0
outl_loglike[364]   4.43  2.4e-3   0.46    3.4   4.17   4.46   4.73   5.25  38199    1.0
outl_loglike[365]   4.33  2.8e-3   0.53   3.11   4.05   4.39   4.68   5.22  34728    1.0
outl_loglike[366]   4.47  3.3e-3   0.48   3.36   4.23   4.51   4.76   5.27  20723    1.0
outl_loglike[367]   4.33  2.1e-3   0.46   3.34   4.05   4.35   4.63   5.17  47310    1.0
outl_loglike[368]   4.18  5.0e-3   0.76    2.3    3.9   4.34   4.65   5.19  23296    1.0
outl_loglike[369]   2.26  4.6e-3   1.09  -0.22   1.64   2.38   3.02   4.02  56685    1.0
outl_loglike[370]   4.48  2.0e-3   0.41   3.62   4.22   4.49   4.74   5.25  43833    1.0
outl_loglike[371]   4.04  7.1e-3   1.07   1.48   3.76   4.29   4.64    5.2  22671    1.0
outl_loglike[372]   4.58  2.0e-3   0.38   3.82   4.35   4.59   4.83   5.33  36906    1.0
outl_loglike[373]   4.23  2.9e-3    0.6    2.8   3.92   4.32   4.63   5.19  43476    1.0
outl_loglike[374]   4.67  1.9e-3   0.33   4.05   4.45   4.66   4.89   5.37  32782    1.0
outl_loglike[375]   4.38  3.8e-3   0.58   2.94   4.15   4.46   4.73   5.25  23226    1.0
outl_loglike[376]   4.43  3.8e-3   0.54   3.09    4.2   4.49   4.76   5.28  20123    1.0
outl_loglike[377]   4.43  3.6e-3    0.5   3.22   4.19   4.48   4.74   5.25  19472    1.0
outl_loglike[378]   4.62  2.2e-3   0.36    3.9   4.39   4.61   4.85   5.34  28600    1.0
outl_loglike[379]   4.41  3.8e-3   0.56   3.05   4.18   4.48   4.75   5.27  20960    1.0
outl_loglike[380]   4.16  4.3e-3   0.75   2.32   3.86   4.31   4.63   5.19  29771    1.0
outl_loglike[381]   4.19  2.4e-3   0.54   2.99   3.88   4.24   4.56   5.13  50899    1.0
outl_loglike[382]    4.6  2.2e-3   0.37   3.86   4.37    4.6   4.84   5.34  28258    1.0
outl_loglike[383]   3.74  2.6e-3    0.6   2.44   3.36   3.78   4.16   4.81  54868    1.0
outl_loglike[384]   3.85    0.01   1.39   0.53   3.57   4.21   4.58   5.16  19126    1.0
outl_loglike[385]   4.23  2.6e-3   0.54   2.99   3.92   4.28   4.59   5.15  43700    1.0
outl_loglike[386]   4.57  2.4e-3    0.4   3.74   4.33   4.58   4.82   5.32  27338    1.0
outl_loglike[387]   4.65  1.9e-3   0.34   3.99   4.42   4.64   4.87   5.35  31289    1.0
outl_loglike[388]   4.37  3.0e-3   0.54   3.06    4.1   4.43   4.71   5.24  33120    1.0
outl_loglike[389]   4.38  4.0e-3   0.59   2.97   4.15   4.47   4.74   5.26  21826    1.0
outl_loglike[390]   4.39  2.3e-3   0.48   3.33   4.12   4.43    4.7   5.24  43716    1.0
outl_loglike[391]   4.18  4.2e-3   0.73   2.34   3.89   4.32   4.63   5.17  29831    1.0
outl_loglike[392]   4.53  2.6e-3   0.43   3.58    4.3   4.55    4.8    5.3  27836    1.0
outl_loglike[393]   4.67  1.8e-3   0.34   4.05   4.44   4.66   4.88   5.37  33819    1.0
outl_loglike[394]   4.21  5.4e-3    0.8   2.26   3.97   4.37   4.67    5.2  21587    1.0
outl_loglike[395]   1.09  9.8e-3   2.14  -4.31   0.02   1.53   2.61   4.03  48132    1.0
outl_loglike[396]   3.85  3.6e-3   0.78   1.97   3.43   3.98    4.4   5.04  47810    1.0
outl_loglike[397]   4.55  2.7e-3   0.42   3.64   4.32   4.57   4.82   5.32  23235    1.0
outl_loglike[398]   4.47  2.9e-3   0.48   3.34   4.23   4.51   4.77   5.28  27138    1.0
outl_loglike[399]   4.62  2.1e-3   0.36   3.92   4.39   4.62   4.86   5.35  28362    1.0
outl_loglike[400]   4.62  2.1e-3   0.36   3.93   4.39   4.62   4.85   5.34  29095    1.0
outl_loglike[401]   4.57  1.9e-3   0.38   3.81   4.34   4.58   4.82   5.31  38636    1.0
outl_loglike[402]   4.55  2.4e-3   0.41   3.66   4.31   4.57   4.81   5.31  28582    1.0
outl_loglike[403]   4.41  2.2e-3   0.46   3.42   4.15   4.44   4.72   5.25  42169    1.0
outl_loglike[404]   4.29  4.6e-3   0.69   2.57   4.04   4.41    4.7   5.23  23111    1.0
outl_loglike[405]   4.27  5.5e-3    0.7   2.58   4.04   4.38   4.66   5.19  16650    1.0
outl_loglike[406]   3.34  2.9e-3   0.71   1.78   2.91    3.4   3.84   4.58  61467    1.0
outl_loglike[407]   4.34  4.3e-3   0.65   2.74   4.11   4.45   4.72   5.25  22594    1.0
outl_loglike[408]   3.78  3.6e-3   0.84   1.74   3.34   3.92   4.37   5.01  53451    1.0
outl_loglike[409]   3.86  2.9e-3   0.66   2.36   3.46   3.93   4.32   4.97  54360    1.0
outl_loglike[410]   4.64  2.0e-3   0.35   3.98   4.41   4.63   4.86   5.35  31728    1.0
outl_loglike[411]    4.3  3.9e-3   0.64   2.68   4.04   4.41    4.7   5.23  27353    1.0
outl_loglike[412]   4.33  2.4e-3   0.49   3.25   4.04   4.37   4.66    5.2  42852    1.0
outl_loglike[413]   4.37  4.5e-3   0.61   2.85   4.14   4.46   4.73   5.25  18620    1.0
outl_loglike[414]   3.92  3.4e-3   0.76   2.11   3.53   4.05   4.45   5.07  49042    1.0
outl_loglike[415]   4.57  2.0e-3   0.38    3.8   4.34   4.57   4.81   5.31  37026    1.0
outl_loglike[416]   4.48  3.1e-3   0.48   3.36   4.25   4.52   4.78   5.29  24257    1.0
outl_loglike[417]   4.41  3.4e-3   0.55   3.07   4.17   4.48   4.75   5.26  25755    1.0
outl_loglike[418]   4.23  2.8e-3   0.59   2.84   3.92   4.31   4.62   5.18  44936    1.0
outl_loglike[419]    4.4  3.6e-3   0.53    3.1   4.17   4.47   4.74   5.25  22502    1.0
outl_loglike[420]   4.56  2.6e-3   0.41   3.68   4.33   4.57   4.82   5.32  24342    1.0
outl_loglike[421]   4.47  2.8e-3   0.48   3.33   4.22   4.51   4.77   5.28  29229    1.0
outl_loglike[422]   4.12  4.6e-3   0.79   2.13   3.81   4.29   4.62   5.18  29569    1.0
outl_loglike[423]   4.42  3.5e-3   0.51   3.21   4.19   4.48   4.74   5.25  20750    1.0
outl_loglike[424]   4.09  6.2e-3    0.9   1.92   3.84   4.28    4.6   5.14  21456    1.0
outl_loglike[425]   4.25  4.8e-3   0.74   2.46    4.0   4.39   4.68   5.21  23400    1.0
outl_loglike[426]   4.52  2.2e-3   0.42   3.61   4.27   4.54   4.78   5.29  37207    1.0
outl_loglike[427]   4.43  2.8e-3    0.5   3.23   4.17   4.48   4.75   5.28  32768    1.0
outl_loglike[428]   3.71  3.3e-3   0.71   2.11    3.3    3.8   4.21   4.87  47449    1.0
outl_loglike[429]   4.59  1.9e-3   0.37   3.86   4.36   4.59   4.83   5.32  38916    1.0
outl_loglike[430]   4.66  1.9e-3   0.34   4.02   4.43   4.65   4.87   5.36  32726    1.0
outl_loglike[431]    3.8  4.8e-3   0.94    1.5   3.37   3.99   4.43   5.08  37591    1.0
outl_loglike[432]   4.56  2.6e-3    0.4    3.7   4.32   4.57   4.81   5.31  24251    1.0
outl_loglike[433]   4.68  1.8e-3   0.33   4.07   4.45   4.67   4.89   5.38  34976    1.0
outl_loglike[434]   4.09  2.8e-3   0.63   2.61   3.75   4.17   4.52    5.1  48641    1.0
outl_loglike[435]   4.53  2.8e-3   0.42   3.61   4.29   4.55    4.8    5.3  23305    1.0
outl_loglike[436]   4.64  2.0e-3   0.35   3.96   4.41   4.63   4.86   5.35  30796    1.0
outl_loglike[437]   4.43  2.6e-3   0.48   3.32   4.17   4.47   4.74   5.26  35110    1.0
outl_loglike[438]   4.52  2.1e-3   0.41   3.64   4.28   4.54   4.79    5.3  37813    1.0
outl_loglike[439]   3.76  5.8e-3   1.09   1.06   3.31   4.02   4.47    5.1  35031    1.0
outl_loglike[440]   4.25  3.8e-3   0.68   2.58   3.98   4.38   4.68   5.22  31557    1.0
outl_loglike[441]   4.48  2.2e-3   0.43   3.56   4.23    4.5   4.76   5.28  38426    1.0
outl_loglike[442]   4.58  2.0e-3   0.38   3.81   4.34   4.58   4.82   5.32  37006    1.0
outl_loglike[443]   4.48  3.2e-3   0.49   3.34   4.25   4.53   4.78   5.29  22911    1.0
outl_loglike[444]   4.41  2.0e-3   0.43   3.51   4.15   4.42   4.69   5.21  44613    1.0
outl_loglike[445]    4.4  3.7e-3   0.56   3.01   4.17   4.48   4.75   5.27  22727    1.0
outl_loglike[446]   4.65  1.9e-3   0.34   3.99   4.42   4.64   4.87   5.35  31598    1.0
outl_loglike[447]   4.35  2.1e-3   0.46   3.36   4.06   4.37   4.66   5.19  47670    1.0
outl_loglike[448]   4.47  2.0e-3    0.4   3.65   4.21   4.48   4.73   5.25  41336    1.0
outl_loglike[449]   4.62  2.0e-3   0.36   3.92   4.39   4.62   4.85   5.34  31567    1.0
outl_loglike[450]   4.54  2.7e-3   0.42   3.62   4.31   4.56   4.81   5.31  23949    1.0
outl_loglike[451]   4.63  1.9e-3   0.35   3.94    4.4   4.62   4.86   5.35  34413    1.0
outl_loglike[452]   4.41  3.4e-3   0.53    3.1   4.17   4.47   4.74   5.25  24383    1.0
outl_loglike[453]   4.66  1.9e-3   0.34   4.03   4.44   4.65   4.88   5.37  32601    1.0
outl_loglike[454]   4.32  3.7e-3   0.63    2.7   4.07   4.43   4.72   5.25  29778    1.0
outl_loglike[455]   4.57  2.6e-3    0.4   3.71   4.34   4.58   4.82   5.32  24109    1.0
outl_loglike[456]   3.98  2.7e-3   0.61   2.62   3.63   4.04    4.4   5.02  51841    1.0
outl_loglike[457]   4.08  7.6e-3   1.08   1.73   3.85   4.31   4.62   5.16  20000    1.0
outl_loglike[458]   4.47  2.7e-3   0.47   3.41   4.22   4.51   4.76   5.27  30739    1.0
outl_loglike[459]   4.63  1.8e-3   0.35   3.95   4.39   4.62   4.85   5.34  38315    1.0
outl_loglike[460]   3.97  2.5e-3   0.58   2.69   3.62   4.02   4.36   4.98  55288    1.0
outl_loglike[461]   2.37  8.0e-3   1.64  -1.87   1.62   2.69   3.49   4.56  42633    1.0
outl_loglike[462]   4.26  5.3e-3   0.72   2.51   4.03   4.38   4.67   5.19  18407    1.0
outl_loglike[463]   4.25  2.4e-3   0.53   3.07   3.95   4.29    4.6   5.16  48990    1.0
outl_loglike[464]   4.68  1.8e-3   0.33   4.08   4.46   4.67   4.89   5.37  34334    1.0
outl_loglike[465]   3.06  4.4e-3   1.01   0.72    2.5    3.2   3.77   4.63  52863    1.0
outl_loglike[466]   4.38  3.9e-3   0.55   3.03   4.14   4.45   4.71   5.23  20024    1.0
outl_loglike[467]   3.27  1.7e-3   0.33   2.68   3.04   3.25   3.48   3.97  37786    1.0
outl_loglike[468]    4.6  2.0e-3   0.37   3.84   4.36    4.6   4.84   5.33  33129    1.0
outl_loglike[469]   4.38  3.6e-3   0.59   2.93   4.15   4.47   4.74   5.26  26926    1.0
outl_loglike[470]   3.27  1.7e-3   0.33   2.68   3.04   3.25   3.48   3.97  37786    1.0
outl_loglike[471]   4.65  2.0e-3   0.35   3.98   4.42   4.64   4.87   5.35  30637    1.0
outl_loglike[472]   4.61  2.0e-3   0.37   3.88   4.38   4.61   4.85   5.34  34474    1.0
outl_loglike[473]   4.33  4.7e-3   0.63   2.79    4.1   4.43    4.7   5.23  18096    1.0
outl_loglike[474]   3.27  1.7e-3   0.33   2.68   3.04   3.25   3.48   3.97  37786    1.0
outl_loglike[475]   3.94  6.1e-3    1.0   1.43    3.6   4.18   4.55   5.13  26652    1.0
outl_loglike[476]   4.58  1.9e-3   0.38   3.83   4.34   4.58   4.82   5.32  38664    1.0
outl_loglike[477]   4.46  2.0e-3   0.41    3.6   4.21   4.48   4.73   5.25  44621    1.0
outl_loglike[478]   4.51  1.9e-3   0.39   3.72   4.26   4.51   4.76   5.26  42204    1.0
outl_loglike[479]   4.48  3.2e-3   0.47   3.39   4.24   4.52   4.77   5.29  21356    1.0
outl_loglike[480]   4.28  2.5e-3   0.51   3.12   3.99   4.33   4.63   5.17  43695    1.0
outl_loglike[481]   3.01  4.9e-3   1.06   0.52   2.43   3.16   3.75   4.65  47425    1.0
outl_loglike[482]   4.61  2.0e-3   0.36    3.9   4.38   4.61   4.84   5.33  34240    1.0
outl_loglike[483]   4.67  1.8e-3   0.33   4.05   4.44   4.66   4.88   5.37  34921    1.0
outl_loglike[484]   4.33  4.7e-3   0.62   2.76    4.1   4.42    4.7   5.22  17286    1.0
outl_loglike[485]   3.97  5.0e-3   0.89   1.76    3.6   4.17   4.55   5.13  31342    1.0
outl_loglike[486]   4.42  3.5e-3   0.53   3.12   4.19   4.49   4.75   5.27  22980    1.0
outl_loglike[487]   4.12  3.2e-3   0.67   2.51   3.78   4.22   4.57   5.15  44381    1.0
outl_loglike[488]   4.35  3.5e-3   0.59   2.88    4.1   4.44   4.72   5.25  29015    1.0
outl_loglike[489]   4.17  2.5e-3   0.55   2.92   3.85   4.22   4.55   5.11  50213    1.0
outl_loglike[490]   4.21  4.5e-3   0.76   2.28   3.93   4.37   4.68   5.22  29134    1.0
outl_loglike[491]   3.88  8.3e-3   1.16   1.07   3.57   4.17   4.54   5.13  19635    1.0
outl_loglike[492]   4.26  3.1e-3   0.58   2.88   3.96   4.34   4.64   5.18  36065    1.0
outl_loglike[493]   4.39  3.8e-3   0.57   3.01   4.16   4.47   4.73   5.25  22118    1.0
outl_loglike[494]   4.46  3.5e-3   0.51   3.25   4.23   4.52   4.78   5.29  21641    1.0
outl_loglike[495]   4.32  4.7e-3   0.64   2.73   4.09   4.42    4.7   5.23  18594    1.0
outl_loglike[496]   2.04  4.0e-3   0.94  -0.05   1.46   2.12    2.7   3.67  56744    1.0
outl_loglike[497]   4.65  1.8e-3   0.35   3.99   4.42   4.64   4.87   5.36  35039    1.0
outl_loglike[498]   4.24  2.3e-3   0.49   3.19   3.94   4.27   4.56   5.12  46879    1.0
outl_loglike[499]   4.62  1.8e-3   0.34   3.98   4.39   4.61   4.84   5.32  34080    1.0
outl_loglike[500]   4.22  4.9e-3   0.79   2.32   3.97   4.38   4.68   5.22  26223    1.0
outl_loglike[501]   4.48  3.2e-3   0.46   3.42   4.25   4.51   4.77   5.28  21311    1.0
outl_loglike[502]    3.6  2.9e-3   0.69   2.08   3.19   3.66   4.08   4.77  56734    1.0
outl_loglike[503]   4.37  3.7e-3   0.58   2.93   4.13   4.46   4.73   5.26  25229    1.0
outl_loglike[504]   4.47  2.5e-3   0.46   3.41   4.23   4.51   4.77   5.28  33924    1.0
outl_loglike[505]    2.5  3.6e-3   0.85   0.62   1.98   2.57   3.09   3.96  57185    1.0
outl_loglike[506]   4.42  3.8e-3   0.55   3.09   4.18   4.49   4.75   5.27  20432    1.0
outl_loglike[507]   4.58  2.4e-3   0.39   3.77   4.35   4.59   4.83   5.32  26859    1.0
outl_loglike[508]   4.25  5.1e-3   0.68   2.59   4.01   4.36   4.64   5.17  17653    1.0
outl_loglike[509]   4.61  2.2e-3   0.37   3.88   4.38   4.61   4.85   5.34  27119    1.0
outl_loglike[510]   4.22  5.3e-3    0.8   2.22   3.98   4.39   4.68   5.23  23159    1.0
outl_loglike[511]   4.53  2.7e-3   0.43   3.58    4.3   4.55    4.8   5.31  25098    1.0
outl_loglike[512]   4.64  2.0e-3   0.35   3.98   4.41   4.63   4.87   5.35  30192    1.0
outl_loglike[513]    4.5  2.1e-3   0.42   3.59   4.25   4.51   4.77   5.28  40314    1.0
outl_loglike[514]    4.6  2.2e-3   0.37   3.85   4.37    4.6   4.84   5.34  28559    1.0
outl_loglike[515]   4.55  2.5e-3   0.41   3.65   4.32   4.56   4.81   5.31  26128    1.0
outl_loglike[516]   4.36  4.3e-3   0.61   2.84   4.12   4.45   4.72   5.25  20371    1.0
outl_loglike[517]   4.13  2.9e-3   0.62   2.67   3.79   4.21   4.55   5.13  45368    1.0
outl_loglike[518]    4.6  1.9e-3   0.37   3.88   4.37    4.6   4.84   5.33  37848    1.0
outl_loglike[519]   4.49  2.9e-3   0.46   3.41   4.26   4.53   4.78    5.3  25804    1.0
outl_loglike[520]   3.56  1.9e-3   0.35    2.9   3.33   3.55   3.79   4.29  33281    1.0
outl_loglike[521]   3.77  6.8e-3   1.01   1.36   3.51   3.99   4.32   4.89  21968    1.0
outl_loglike[522]   4.31  3.6e-3   0.63   2.72   4.05   4.42   4.71   5.24  30770    1.0
outl_loglike[523]   3.72  9.9e-3    1.5  -0.04   3.39   4.11   4.53   5.13  22798    1.0
outl_loglike[524]   4.44  3.5e-3   0.49   3.28   4.21   4.48   4.74   5.25  19826    1.0
outl_loglike[525]   4.32  4.7e-3   0.66   2.69   4.09   4.42    4.7   5.23  20085    1.0
outl_loglike[526]   3.27  1.7e-3   0.33   2.68   3.04   3.25   3.48   3.97  37786    1.0
outl_loglike[527]   4.65  1.9e-3   0.34   4.01   4.43   4.64   4.87   5.36  32303    1.0
outl_loglike[528]    4.6  1.9e-3   0.36   3.89   4.37    4.6   4.84   5.34  36681    1.0
outl_loglike[529]   3.47  4.5e-3   0.94   1.27   2.97   3.62   4.14   4.88  43853    1.0
outl_loglike[530]   4.34  5.0e-3   0.66   2.74    4.1   4.44   4.72   5.25  17499    1.0
outl_loglike[531]   4.29  2.5e-3   0.53   3.08    4.0   4.35   4.65    5.2  43123    1.0
outl_loglike[532]   4.32  3.9e-3   0.63   2.72   4.07   4.42    4.7   5.24  26478    1.0
outl_loglike[533]   3.72  2.9e-3    0.7   2.11   3.31    3.8   4.21   4.87  57822    1.0
outl_loglike[534]   4.58  2.4e-3   0.39   3.79   4.35   4.59   4.83   5.33  26774    1.0
outl_loglike[535]   4.21  5.6e-3   0.82   2.22   3.97   4.37   4.67    5.2  20992    1.0
outl_loglike[536]   2.14  5.3e-3   1.24  -0.75   1.47    2.3   3.01   4.07  53529    1.0
outl_loglike[537]   4.68  1.8e-3   0.33   4.07   4.45   4.67   4.89   5.37  34777    1.0
outl_loglike[538]   4.09  7.9e-3   1.14   1.59   3.87   4.33   4.64   5.19  20971    1.0
outl_loglike[539]    4.4  2.7e-3   0.52   3.19   4.14   4.45   4.73   5.25  36162    1.0
outl_loglike[540]   4.47  2.6e-3   0.46   3.43   4.23    4.5   4.76   5.27  31354    1.0
outl_loglike[541]   4.31  2.1e-3   0.46   3.32   4.03   4.33   4.61   5.15  48543    1.0
outl_loglike[542]   4.53  2.0e-3   0.39   3.72   4.28   4.53   4.78   5.29  39866    1.0
outl_loglike[543]   4.31  4.0e-3   0.64   2.69   4.06   4.42   4.71   5.24  26501    1.0
outl_loglike[544]   4.42  3.3e-3   0.53   3.13   4.19   4.49   4.75   5.26  25415    1.0
outl_loglike[545]   4.45  2.8e-3   0.49   3.29   4.21    4.5   4.76   5.27  30010    1.0
outl_loglike[546]   4.46  2.1e-3   0.43   3.53    4.2   4.47   4.74   5.25  41498    1.0
outl_loglike[547]   3.45  5.2e-3   1.01   1.03   2.94   3.62   4.16   4.88  38475    1.0
outl_loglike[548]   4.49  3.2e-3   0.47   3.41   4.26   4.53   4.78    5.3  21395    1.0
outl_loglike[549]   3.27  1.7e-3   0.33   2.68   3.04   3.25   3.48   3.97  37786    1.0
outl_loglike[550]   2.86  5.1e-3   1.14   0.18   2.27   3.02   3.65   4.57  49343    1.0
outl_loglike[551]   3.45  6.9e-3   1.28   0.26   2.94   3.74   4.29   4.98  34111    1.0
outl_loglike[552]   4.66  1.9e-3   0.34   4.02   4.43   4.65   4.88   5.37  33814    1.0
outl_loglike[553]    4.6  2.1e-3   0.36   3.89   4.37    4.6   4.84   5.33  30194    1.0
outl_loglike[554]    4.6  2.1e-3   0.37   3.84   4.37    4.6   4.84   5.34  31143    1.0
outl_loglike[555]    4.4  3.4e-3   0.56   3.01   4.15   4.47   4.74   5.27  26979    1.0
outl_loglike[556]    4.6  2.2e-3   0.37   3.86   4.37    4.6   4.84   5.34  27650    1.0
outl_loglike[557]   4.35  3.9e-3   0.62    2.8   4.11   4.45   4.72   5.26  25513    1.0
outl_loglike[558]   2.97  3.7e-3   0.86   1.05   2.45   3.05   3.57   4.41  54079    1.0
outl_loglike[559]   4.45  3.4e-3    0.5   3.24   4.22   4.51   4.77   5.28  21403    1.0
outl_loglike[560]   4.39  3.9e-3   0.58   2.96   4.15   4.47   4.74   5.26  21577    1.0
outl_loglike[561]   4.45  2.6e-3   0.48   3.33    4.2   4.49   4.76   5.27  33403    1.0
outl_loglike[562]   4.44  3.6e-3   0.52   3.19    4.2   4.49   4.76   5.27  20796    1.0
outl_loglike[563]   4.01  2.6e-3    0.6   2.67   3.66   4.07   4.42   5.03  53783    1.0
outl_loglike[564]   4.35  4.8e-3   0.63    2.8   4.13   4.45   4.72   5.24  17624    1.0
outl_loglike[565]   4.62  2.1e-3   0.36   3.92   4.39   4.62   4.85   5.34  27964    1.0
outl_loglike[566]   4.29  4.6e-3   0.63   2.73   4.06   4.39   4.67   5.19  18707    1.0
outl_loglike[567]   4.37  2.8e-3   0.53   3.12    4.1   4.43   4.71   5.24  36905    1.0
outl_loglike[568]   3.79  5.1e-3   0.98   1.39   3.35   3.99   4.45   5.08  36197    1.0
outl_loglike[569]   4.47  3.3e-3   0.48   3.35   4.24   4.51   4.77   5.28  20459    1.0
outl_loglike[570]   4.39  4.2e-3   0.59   2.94   4.16   4.48   4.75   5.27  19343    1.0
outl_loglike[571]   4.68  1.8e-3   0.33   4.06   4.45   4.66   4.89   5.37  33398    1.0
outl_loglike[572]   4.59  2.3e-3   0.38   3.82   4.36    4.6   4.83   5.33  28113    1.0
outl_loglike[573]   4.53  2.3e-3   0.42   3.63   4.29   4.55    4.8   5.31  33844    1.0
outl_loglike[574]   4.63  2.1e-3   0.36   3.93    4.4   4.62   4.85   5.35  29715    1.0
outl_loglike[575]   4.48  3.3e-3   0.49   3.33   4.24   4.52   4.78   5.29  21429    1.0
outl_loglike[576]   3.66  4.4e-3   0.95   1.37   3.19   3.83   4.32   5.01  46859    1.0
outl_loglike[577]   4.29  2.2e-3   0.48   3.25    4.0   4.32   4.61   5.16  46049    1.0
outl_loglike[578]   4.37  2.1e-3   0.45   3.41   4.09   4.39   4.67   5.19  45428    1.0
outl_loglike[579]   4.37  3.9e-3   0.56    3.0   4.14   4.45   4.71   5.23  20809    1.0
outl_loglike[580]   4.31  4.4e-3   0.61    2.8   4.08    4.4   4.68   5.21  19148    1.0
outl_loglike[581]   4.62  1.8e-3   0.35   3.94   4.39   4.62   4.85   5.34  36883    1.0
outl_loglike[582]   4.62  2.0e-3   0.37    3.9   4.39   4.62   4.85   5.35  34465    1.0
outl_loglike[583]    4.2  5.1e-3   0.81   2.17   3.95   4.37   4.68   5.23  25437    1.0
outl_loglike[584]   4.36  2.9e-3   0.53    3.1   4.08   4.42    4.7   5.24  34287    1.0
outl_loglike[585]   4.31  3.4e-3   0.62   2.77   4.04   4.41    4.7   5.23  32223    1.0
outl_loglike[586]   4.44  3.3e-3    0.5   3.24    4.2   4.49   4.75   5.26  23456    1.0
outl_loglike[587]    3.8  3.2e-3   0.75   2.07   3.38    3.9   4.32   4.97  54662    1.0
outl_loglike[588]   4.32  4.5e-3   0.67   2.64   4.08   4.43   4.71   5.24  22707    1.0
outl_loglike[589]   3.12  5.0e-3   1.13   0.36   2.54    3.3    3.9   4.75  51809    1.0
outl_loglike[590]   4.37  4.1e-3   0.57   2.94   4.14   4.45   4.72   5.24  19990    1.0
outl_loglike[591]   1.73  5.6e-3   1.31  -1.36   1.01   1.89   2.64   3.81  54363    1.0
outl_loglike[592]   3.21    0.01   1.74  -1.62   2.72   3.67   4.28    5.0  26417    1.0
outl_loglike[593]  -1.49  7.3e-3   1.63  -4.97  -2.53  -1.38  -0.33   1.38  50550    1.0
outl_loglike[594]   4.36  3.0e-3   0.55   3.04    4.1   4.43   4.71   5.24  33587    1.0
outl_loglike[595]    4.3  4.9e-3   0.65   2.68   4.07   4.41   4.69   5.21  17632    1.0
outl_loglike[596]   4.24  3.9e-3   0.69   2.52   3.96   4.37   4.67   5.22  30641    1.0
outl_loglike[597]   4.53  2.3e-3   0.41   3.65   4.29   4.55   4.79    5.3  31373    1.0
outl_loglike[598]   4.43  2.7e-3    0.5   3.26   4.17   4.48   4.75   5.28  34959    1.0
outl_loglike[599]   4.66  1.8e-3   0.34   4.04   4.44   4.65   4.88   5.36  34160    1.0
outl_loglike[600]   4.37  4.6e-3   0.61   2.87   4.13   4.46   4.73   5.24  17862    1.0
outl_loglike[601]   4.47  2.0e-3   0.38    3.7   4.23   4.47   4.71   5.21  35157    1.0
outl_loglike[602]   4.49  3.0e-3   0.48   3.36   4.25   4.53   4.79    5.3  25194    1.0
outl_loglike[603]   4.61  2.0e-3   0.36   3.89   4.38    4.6   4.84   5.32  34083    1.0
outl_loglike[604]   4.37  2.3e-3   0.49   3.27    4.1   4.41   4.69   5.22  44354    1.0
outl_loglike[605]   4.05  6.4e-3    0.9   1.83   3.78   4.25   4.57   5.11  19765    1.0
outl_loglike[606]    4.4  2.3e-3   0.46   3.38   4.14   4.44   4.71   5.22  41412    1.0
outl_loglike[607]   4.62  2.1e-3   0.36    3.9   4.39   4.62   4.85   5.35  30237    1.0
outl_loglike[608]   3.92  7.8e-3   1.19   1.01   3.61   4.21   4.59   5.16  23612    1.0
outl_loglike[609]   4.55  2.4e-3   0.42   3.63   4.31   4.56   4.81   5.32  30447    1.0
outl_loglike[610]   4.43  2.5e-3   0.49   3.32   4.18   4.48   4.75   5.27  39078    1.0
outl_loglike[611]   4.57  2.5e-3    0.4   3.74   4.34   4.58   4.82   5.32  25158    1.0
outl_loglike[612]   4.18  3.6e-3   0.67   2.55   3.86    4.3   4.62   5.18  33640    1.0
outl_loglike[613]   4.39  3.7e-3   0.56    3.0   4.16   4.46   4.73   5.26  23617    1.0
outl_loglike[614]   2.95  3.9e-3   0.91   0.91   2.41   3.04   3.58   4.46  53358    1.0
outl_loglike[615]   4.34  4.5e-3   0.63   2.78   4.11   4.45   4.72   5.24  20241    1.0
outl_loglike[616]   4.46  3.6e-3   0.51   3.23   4.23   4.51   4.77    5.3  20220    1.0
outl_loglike[617]   4.47  2.4e-3   0.45   3.45   4.22    4.5   4.77   5.28  35651    1.0
outl_loglike[618]   2.87    0.01   1.96  -2.73   2.33   3.38   4.09    4.9  28302    1.0
outl_loglike[619]   4.64  1.8e-3   0.35   3.96   4.41   4.63   4.86   5.35  35963    1.0
outl_loglike[620]    4.3  4.2e-3   0.67   2.58   4.06   4.43   4.71   5.24  25918    1.0
outl_loglike[621]    4.3  2.5e-3   0.53    3.1   4.01   4.35   4.65    5.2  42974    1.0
outl_loglike[622]   4.35  2.1e-3   0.45    3.4   4.07   4.37   4.65   5.18  46066    1.0
outl_loglike[623]   3.45  9.1e-3   1.56  -0.57   2.98   3.84   4.39   5.06  29528    1.0
outl_loglike[624]   4.03  7.8e-3   1.13   1.43   3.79   4.29   4.62   5.17  20960    1.0
outl_loglike[625]   4.38  4.1e-3    0.6   2.91   4.15   4.46   4.74   5.26  21861    1.0
outl_loglike[626]   4.34  4.8e-3   0.64   2.79   4.11   4.44   4.72   5.24  18132    1.0
outl_loglike[627]   2.95  8.6e-3    1.6  -1.32   2.34   3.31   4.02   4.86  34561    1.0
outl_loglike[628]   3.65  4.5e-3   0.97   1.31   3.17   3.83   4.32   5.01  45883    1.0
outl_loglike[629]  -2.04  8.6e-3    2.0  -6.31  -3.32  -1.92   -0.6   1.48  54785    1.0
outl_loglike[630]   4.43  3.8e-3   0.53   3.13    4.2   4.49   4.76   5.27  19911    1.0
outl_loglike[631]   4.67  1.8e-3   0.34   4.04   4.44   4.65   4.88   5.37  34854    1.0
outl_loglike[632]    4.6  2.1e-3   0.37   3.87   4.37    4.6   4.84   5.34  31044    1.0
outl_loglike[633]   4.53  2.7e-3   0.43   3.56    4.3   4.55    4.8   5.31  24689    1.0
outl_loglike[634]   4.04  2.4e-3   0.54    2.9   3.71   4.07   4.41   5.01  49118    1.0
outl_loglike[635]   4.38  2.3e-3   0.48   3.31    4.1   4.41    4.7   5.22  44271    1.0
outl_loglike[636]   4.53  2.8e-3   0.43   3.58   4.29   4.55    4.8    5.3  22956    1.0
outl_loglike[637]   4.38  4.0e-3   0.59   2.92   4.15   4.47   4.73   5.25  21605    1.0
outl_loglike[638]   4.13  3.0e-3   0.63   2.65    3.8   4.22   4.56   5.13  44361    1.0
outl_loglike[639]   4.37  3.1e-3   0.56   2.98   4.11   4.44   4.73   5.25  33386    1.0
outl_loglike[640]    3.9  3.4e-3   0.75   2.14    3.5   4.02   4.43   5.05  47308    1.0
outl_loglike[641]   4.68  1.8e-3   0.33   4.07   4.45   4.66   4.89   5.37  35181    1.0
outl_loglike[642]   4.47  3.4e-3   0.49   3.32   4.24   4.52   4.78   5.29  20320    1.0
outl_loglike[643]   3.82  4.9e-3   0.95   1.48    3.4   4.03   4.45   5.07  38054    1.0
outl_loglike[644]   4.47  2.9e-3   0.48   3.35   4.23   4.51   4.77   5.29  27220    1.0
outl_loglike[645]   3.27  1.7e-3   0.33   2.68   3.04   3.25   3.48   3.97  37786    1.0
outl_loglike[646]   4.64  2.0e-3   0.35   3.97   4.41   4.63   4.86   5.35  31841    1.0
outl_loglike[647]    4.3  2.4e-3    0.5   3.18   4.02   4.35   4.64   5.19  45385    1.0
outl_loglike[648]   4.66  1.9e-3   0.34   4.03   4.43   4.65   4.88   5.36  32176    1.0
outl_loglike[649]   4.63  2.1e-3   0.36   3.93    4.4   4.62   4.85   5.35  28817    1.0
outl_loglike[650]   4.48  1.9e-3   0.41   3.64   4.23   4.49   4.75   5.25  43458    1.0
outl_loglike[651]   4.51  2.7e-3   0.43   3.58   4.28   4.54   4.78   5.29  25249    1.0
outl_loglike[652]   4.45  2.2e-3   0.45   3.46   4.19   4.47   4.74   5.26  42172    1.0
outl_loglike[653]   4.55  2.1e-3    0.4   3.72   4.31   4.56   4.81   5.31  36510    1.0
outl_loglike[654]   3.77  5.5e-3   0.99   1.34   3.32   3.97   4.43   5.05  32685    1.0
outl_loglike[655]   4.36  3.8e-3   0.59   2.91   4.11   4.44   4.72   5.24  23445    1.0
outl_loglike[656]   3.95  6.1e-3    1.0   1.42   3.57   4.19   4.58   5.16  26712    1.0
outl_loglike[657]   4.41  3.5e-3   0.54   3.11   4.18   4.48   4.74   5.27  23508    1.0
outl_loglike[658]   4.64  1.9e-3   0.35   3.97   4.41   4.63   4.86   5.34  33916    1.0
outl_loglike[659]   4.39  2.3e-3   0.45   3.41   4.12   4.42   4.69   5.22  38447    1.0
outl_loglike[660]   4.52  2.7e-3   0.43   3.57   4.29   4.55    4.8    5.3  26095    1.0
outl_loglike[661]   4.36  2.3e-3   0.49   3.26   4.08    4.4   4.68   5.21  43250    1.0
outl_loglike[662]   4.38  2.3e-3   0.47   3.34    4.1   4.41   4.69   5.23  41780    1.0
outl_loglike[663]    4.5  1.9e-3    0.4    3.7   4.25    4.5   4.75   5.26  41356    1.0
outl_loglike[664]   4.34  3.4e-3   0.58    2.9   4.09   4.43   4.71   5.24  29324    1.0
outl_loglike[665]   4.53  2.5e-3   0.43   3.58   4.29   4.55   4.81    5.3  28132    1.0
outl_loglike[666]   4.29  2.6e-3   0.53   3.07    4.0   4.34   4.64   5.18  42610    1.0
outl_loglike[667]   4.43  3.5e-3    0.5   3.25   4.19   4.48   4.74   5.25  19856    1.0
outl_loglike[668]   4.47  2.8e-3   0.46   3.42   4.24   4.51   4.76   5.27  25996    1.0
outl_loglike[669]   4.32  2.2e-3   0.49   3.24   4.03   4.35   4.64   5.18  49285    1.0
outl_loglike[670]   4.52  2.1e-3   0.41   3.66   4.26   4.53   4.78   5.29  38693    1.0
outl_loglike[671]   3.29  2.4e-3   0.52   2.15   2.99   3.33   3.64    4.2  46027    1.0
outl_loglike[672]    4.5  1.9e-3   0.39   3.69   4.26   4.51   4.76   5.28  41552    1.0
outl_loglike[673]   4.41  3.7e-3   0.52   3.16   4.18   4.47   4.73   5.25  19709    1.0
outl_loglike[674]    4.4  3.8e-3   0.55   3.05   4.17   4.47   4.74   5.25  20919    1.0
outl_loglike[675]   4.25  4.0e-3    0.7   2.48   3.97   4.38   4.69   5.23  31129    1.0
outl_loglike[676]   4.39  2.4e-3   0.48   3.29   4.12   4.43    4.7   5.24  41521    1.0
outl_loglike[677]    4.5  2.8e-3   0.45   3.48   4.27   4.53   4.78   5.29  26261    1.0
outl_loglike[678]   4.05  4.8e-3   0.82   1.96    3.7   4.23   4.58   5.15  29343    1.0
outl_loglike[679]   3.99  3.5e-3   0.76   2.15    3.6   4.12   4.51   5.12  45910    1.0
outl_loglike[680]   4.46  2.0e-3   0.42   3.57    4.2   4.47   4.73   5.25  43540    1.0
outl_loglike[681]   4.38  2.1e-3   0.46   3.39   4.11   4.41   4.68   5.22  46220    1.0
outl_loglike[682]   1.58  5.9e-3   1.35  -1.58   0.83   1.76   2.54   3.71  52830    1.0
outl_loglike[683]   3.97  4.2e-3   0.82   1.94   3.58   4.13   4.52   5.13  39063    1.0
outl_loglike[684]   4.48  2.8e-3   0.47   3.39   4.25   4.52   4.78   5.29  27282    1.0
outl_loglike[685]    4.3  6.0e-3   0.72   2.61   4.08   4.42    4.7   5.22  14468    1.0
outl_loglike[686]   4.18  5.3e-3   0.83   2.11    3.9   4.35   4.67   5.21  24869    1.0
outl_loglike[687]   4.66  1.8e-3   0.34   4.02   4.43   4.64   4.87   5.36  35284    1.0
outl_loglike[688]   4.54  1.9e-3   0.39   3.75    4.3   4.54   4.79   5.29  40726    1.0
outl_loglike[689]   4.31  4.6e-3   0.66   2.68   4.08   4.42    4.7   5.22  20226    1.0
outl_loglike[690]   4.49  3.0e-3   0.46   3.44   4.25   4.52   4.78   5.28  23784    1.0
outl_loglike[691]   4.46  2.1e-3   0.42   3.57    4.2   4.47   4.73   5.24  40737    1.0
outl_loglike[692]   4.66  1.9e-3   0.34   4.02   4.43   4.65   4.87   5.36  31951    1.0
outl_loglike[693]   3.71  3.3e-3   0.78   1.88   3.27   3.82   4.25   4.93  56818    1.0
outl_loglike[694]   4.29  2.3e-3    0.5   3.16    4.0   4.33   4.63   5.17  48809    1.0
outl_loglike[695]   4.62  1.9e-3   0.36   3.92   4.39   4.62   4.85   5.34  34103    1.0
outl_loglike[696]   4.49  2.6e-3   0.46   3.43   4.25   4.52   4.78    5.3  31545    1.0
outl_loglike[697]   4.09  2.4e-3   0.52   2.98   3.77   4.12   4.45   5.03  48549    1.0
outl_loglike[698]   4.57  2.3e-3    0.4   3.74   4.34   4.58   4.82   5.32  31166    1.0
outl_loglike[699]   4.01  3.2e-3    0.7   2.36   3.62    4.1   4.49   5.11  47936    1.0
outl_loglike[700]   4.57  2.2e-3   0.39   3.74   4.33   4.58   4.82   5.32  30835    1.0
outl_loglike[701]   4.46  3.2e-3    0.5   3.25   4.23   4.52   4.77   5.29  25251    1.0
outl_loglike[702]   3.35  4.0e-3   0.93   1.17   2.84   3.48   4.01    4.8  55636    1.0
outl_loglike[703]   4.56  2.5e-3   0.41   3.68   4.33   4.58   4.82   5.32  26238    1.0
outl_loglike[704]   4.51  2.3e-3   0.43   3.57   4.27   4.54   4.79   5.29  33646    1.0
outl_loglike[705]    4.6  2.2e-3   0.37   3.86   4.37    4.6   4.84   5.34  29146    1.0
outl_loglike[706]   3.86  3.9e-3   0.83   1.85   3.43    4.0   4.43   5.07  45046    1.0
outl_loglike[707]   4.01  3.0e-3   0.68   2.42   3.64   4.11   4.48    5.1  51094    1.0
outl_loglike[708]   4.51  2.4e-3   0.43   3.57   4.27   4.54   4.78   5.29  31632    1.0
outl_loglike[709]   4.52  2.1e-3   0.42   3.62   4.27   4.53   4.79    5.3  38823    1.0
outl_loglike[710]   4.49  2.4e-3   0.44   3.49   4.24   4.52   4.77   5.28  34925    1.0
outl_loglike[711]   4.44  3.4e-3   0.52   3.18   4.21    4.5   4.76   5.28  24097    1.0
outl_loglike[712]   4.63  2.1e-3   0.36   3.93    4.4   4.62   4.86   5.35  28973    1.0
outl_loglike[713]   4.51  2.7e-3   0.44   3.52   4.28   4.54   4.79   5.29  25981    1.0
outl_loglike[714]   4.46  2.4e-3   0.46   3.39   4.21   4.49   4.75   5.27  36484    1.0
outl_loglike[715]   2.35  5.4e-3   1.24  -0.56   1.68   2.52   3.21   4.26  52206    1.0
outl_loglike[716]    4.5  2.8e-3   0.46   3.45   4.26   4.53   4.78   5.29  26349    1.0
outl_loglike[717]   4.48  2.8e-3   0.47   3.37   4.24   4.52   4.78   5.29  29257    1.0
outl_loglike[718]   4.09  2.8e-3   0.63   2.65   3.74   4.16   4.52   5.12  49290    1.0
outl_loglike[719]   4.13  2.9e-3   0.62   2.67   3.79   4.21   4.55   5.14  45042    1.0
outl_loglike[720]   4.43  2.5e-3   0.49   3.29   4.17   4.47   4.74   5.27  37008    1.0
outl_loglike[721]    3.7  3.2e-3   0.76   1.98   3.27    3.8   4.24   4.92  57303    1.0
outl_loglike[722]   4.16  2.8e-3   0.61   2.72   3.84   4.25   4.58   5.14  48336    1.0
outl_loglike[723]   4.61  2.2e-3   0.37   3.87   4.38   4.61   4.85   5.34  27976    1.0
outl_loglike[724]   4.64  2.0e-3   0.35   3.97   4.41   4.63   4.86   5.35  30993    1.0
outl_loglike[725]   4.09  2.9e-3   0.64   2.59   3.74   4.17   4.52   5.12  49345    1.0
outl_loglike[726]   3.57  3.6e-3   0.86   1.57   3.08   3.69   4.18    4.9  58177    1.0
outl_loglike[727]   3.27  1.7e-3   0.33   2.68   3.04   3.25   3.48   3.97  37786    1.0
outl_loglike[728]   4.51  2.6e-3   0.45   3.49   4.28   4.55    4.8    5.3  29221    1.0
outl_loglike[729]   3.58  3.7e-3   0.87   1.54   3.11   3.71   4.19   4.92  54399    1.0
outl_loglike[730]   4.44  2.8e-3    0.5   3.24   4.19   4.49   4.76   5.28  31450    1.0
outl_loglike[731]   4.55  2.4e-3   0.42   3.65   4.31   4.56   4.81   5.32  30406    1.0
outl_loglike[732]   4.26  2.7e-3   0.56   2.99   3.94   4.32   4.64    5.2  42735    1.0
outl_loglike[733]   4.51  2.9e-3   0.43   3.54   4.27   4.53   4.78   5.28  22227    1.0
outl_loglike[734]   4.62  2.1e-3   0.36    3.9   4.39   4.62   4.85   5.34  29538    1.0
outl_loglike[735]   4.41  2.5e-3   0.49   3.27   4.15   4.46   4.73   5.25  38665    1.0
outl_loglike[736]   4.08  3.9e-3    0.7   2.31   3.77   4.21   4.53   5.08  31890    1.0
outl_loglike[737]   4.29  4.1e-3   0.59    2.8   4.05   4.37   4.65   5.16  20885    1.0
outl_loglike[738]    4.1  2.7e-3   0.61    2.7   3.76   4.17   4.52   5.11  50161    1.0
outl_loglike[739]   4.35  3.1e-3   0.58   2.94   4.09   4.44   4.72   5.25  34782    1.0
outl_loglike[740]   4.36  2.6e-3    0.5   3.25   4.08    4.4   4.69   5.23  36813    1.0
outl_loglike[741]   4.58  2.3e-3   0.39   3.77   4.35   4.59   4.83   5.33  27813    1.0
outl_loglike[742]   3.27  1.7e-3   0.33   2.68   3.04   3.25   3.48   3.97  37786    1.0
outl_loglike[743]   3.66  4.3e-3   0.94    1.4   3.18   3.83   4.31    5.0  46689    1.0
outl_loglike[744]   3.58  2.1e-3   0.37   2.87   3.34   3.57   3.81   4.32  31263    1.0
outl_loglike[745]   4.47  2.5e-3   0.46   3.41   4.22   4.51   4.77   5.28  34901    1.0
outl_loglike[746]   3.61  3.4e-3   0.81   1.72   3.15   3.72   4.18   4.89  55456    1.0
outl_loglike[747]   4.14  3.0e-3   0.63   2.67   3.81   4.23   4.57   5.15  44768    1.0
outl_loglike[748]   3.08  5.4e-3   1.17   0.24   2.48   3.27    3.9   4.76  46682    1.0
outl_loglike[749]   4.58  2.4e-3   0.39   3.76   4.35   4.59   4.83   5.33  26579    1.0
outl_loglike[750]   4.26  2.7e-3   0.57   2.94   3.96   4.33   4.64   5.19  45166    1.0
outl_loglike[751]    4.6  2.3e-3   0.38   3.81   4.36    4.6   4.84   5.33  26552    1.0
outl_loglike[752]   4.53  2.7e-3   0.44   3.54   4.29   4.55    4.8   5.31  27417    1.0
outl_loglike[753]   3.15  6.2e-3   1.27 1.8e-3   2.56   3.39   4.02   4.86  41813    1.0
outl_loglike[754]   4.47  2.2e-3   0.44    3.5   4.22   4.49   4.75   5.27  38812    1.0
outl_loglike[755]   4.47  2.4e-3   0.47   3.41   4.22    4.5   4.77   5.28  37351    1.0
outl_loglike[756]   4.43  2.6e-3   0.49   3.28   4.17   4.47   4.74   5.26  35025    1.0
outl_loglike[757]    4.2  3.5e-3   0.68   2.54   3.88   4.32   4.64    5.2  36908    1.0
outl_loglike[758]   3.37  4.1e-3   0.94   1.17   2.84   3.51   4.04   4.82  53064    1.0
outl_loglike[759]    4.6  2.2e-3   0.38   3.82   4.36    4.6   4.84   5.33  29411    1.0
outl_loglike[760]   3.97  3.4e-3   0.73   2.25   3.58   4.08   4.48   5.09  47081    1.0
outl_loglike[761]    3.1  5.7e-3   1.24   0.08   2.51   3.32   3.96   4.81  46649    1.0
outl_loglike[762]   3.82  7.7e-3   1.27   0.69   3.45   4.14   4.56   5.15  27111    1.0
outl_loglike[763]   3.53  3.3e-3   0.77   1.79   3.08   3.62   4.07    4.8  56439    1.0
outl_loglike[764]   4.59  2.4e-3   0.39   3.78   4.36   4.59   4.83   5.33  25990    1.0
outl_loglike[765]   4.43  2.5e-3   0.49   3.29   4.17   4.48   4.75   5.27  37620    1.0
outl_loglike[766]   3.95  3.2e-3    0.7   2.33   3.56   4.04   4.44   5.06  47965    1.0
outl_loglike[767]   4.29  4.2e-3    0.7   2.56   4.04   4.42   4.72   5.25  26892    1.0
outl_loglike[768]   4.52  2.6e-3   0.44   3.51   4.28   4.55    4.8    5.3  29380    1.0
outl_loglike[769]   3.89  3.2e-3   0.73    2.2   3.49   3.99   4.39   5.04  51815    1.0
outl_loglike[770]   3.39  3.7e-3   0.87   1.41    2.9   3.49    4.0   4.78  54361    1.0
outl_loglike[771]   4.12  3.6e-3   0.71   2.37   3.77   4.24    4.6   5.17  38932    1.0
outl_loglike[772]   3.27  1.7e-3   0.33   2.68   3.04   3.25   3.48   3.97  37786    1.0
outl_loglike[773]   4.58  2.2e-3   0.39   3.78   4.35   4.59   4.83   5.33  31454    1.0
outl_loglike[774]   4.63  2.0e-3   0.35   3.95    4.4   4.63   4.86   5.35  29970    1.0
outl_loglike[775]   4.55  2.2e-3    0.4    3.7   4.31   4.57   4.81   5.31  33523    1.0
outl_loglike[776]   4.29  3.5e-3   0.65   2.65   4.02    4.4   4.69   5.22  33534    1.0
outl_loglike[777]   4.59  2.4e-3   0.39   3.78   4.35   4.59   4.83   5.33  25952    1.0
outl_loglike[778]   3.61  3.6e-3   0.83   1.68   3.15   3.73    4.2    4.9  53560    1.0
outl_loglike[779]   3.35  4.7e-3   1.03   0.89    2.8   3.51   4.07   4.88  47954    1.0
outl_loglike[780]   4.51  2.4e-3   0.39   3.68   4.28   4.52   4.76   5.25  27702    1.0
outl_loglike[781]    2.7  6.1e-3   1.31  -0.49   2.05   2.93   3.61   4.58  45513    1.0
outl_loglike[782]   4.62  2.1e-3   0.36   3.91   4.39   4.62   4.85   5.34  29600    1.0
outl_loglike[783]   4.41  2.5e-3   0.49    3.3   4.15   4.46   4.73   5.25  37171    1.0
outl_loglike[784]   1.43  8.3e-3   1.78  -2.94   0.53   1.75   2.69   3.97  46259    1.0
outl_loglike[785]   4.17  4.3e-3   0.64   2.58   3.94   4.27   4.55   5.07  21643    1.0
outl_loglike[786]   4.48  2.9e-3   0.48   3.36   4.23   4.52   4.78   5.28  26927    1.0
outl_loglike[787]   4.56  2.5e-3   0.41   3.68   4.32   4.57   4.82   5.32  27508    1.0
outl_loglike[788]   4.23  2.7e-3   0.57   2.91   3.92    4.3   4.61   5.17  44391    1.0
outl_loglike[789]   3.34  5.4e-3   1.12   0.62   2.81   3.55    4.1   4.87  42255    1.0
outl_loglike[790]    2.9  5.6e-3   1.24  -0.11   2.27   3.11   3.77   4.69  49319    1.0
outl_loglike[791]  -5.15    0.01   2.77 -10.98  -6.91  -5.02  -3.26  -0.06  60499    1.0
outl_loglike[792]    4.6  2.2e-3   0.37   3.86   4.37   4.59   4.83   5.33  27882    1.0
outl_loglike[793]   3.98  4.0e-3   0.79   2.04   3.59   4.12   4.51   5.11  39144    1.0
outl_loglike[794]   4.06  3.2e-3   0.68   2.43   3.72   4.17   4.52   5.09  45937    1.0
outl_loglike[795]   4.45  2.5e-3   0.48   3.34    4.2   4.49   4.76   5.28  36463    1.0
outl_loglike[796]   4.42  2.5e-3   0.48   3.33   4.16   4.46   4.73   5.26  37728    1.0
outl_loglike[797] -637.7    0.41  82.51 -811.5 -689.7 -632.8 -580.8 -488.3  40033    1.0
outl_loglike[798] -10.45    0.01   2.97 -16.89 -12.31 -10.25  -8.36  -5.24  50917    1.0
outl_loglike[799] -12.26    0.02   4.35 -21.63 -14.97 -11.93   -9.2  -4.66  59144    1.0
outl_loglike[800]   3.78  2.7e-3   0.64   2.35    3.4   3.83   4.22   4.87  55479    1.0
outl_loglike[801]   3.51  3.1e-3   0.71   1.94   3.08   3.56    4.0   4.73  54247    1.0
outl_loglike[802]   4.67  1.8e-3   0.33   4.06   4.45   4.66   4.89   5.37  33777    1.0
outl_loglike[803]  -1.88  8.7e-3   2.09  -6.35  -3.21  -1.74  -0.36   1.77  57992    1.0
outl_loglike[804]   4.66  1.9e-3   0.34   4.03   4.44   4.65   4.88   5.36  33079    1.0
outl_loglike[805]   0.31  9.7e-3   2.03  -4.33  -0.89   0.62    1.8   3.42  44071    1.0
outl_loglike[806]   4.61  2.2e-3   0.38   3.83   4.38   4.61   4.85   5.34  30827    1.0
outl_loglike[807]   4.63  1.9e-3   0.35   3.95    4.4   4.63   4.86   5.36  36273    1.0
outl_loglike[808]   1.97  6.4e-3   1.39  -1.36   1.24   2.17   2.94   4.09  47176    1.0
outl_loglike[809]   1.24    0.01   2.15  -4.13   0.16    1.7   2.79   4.19  38540    1.0
outl_loglike[810]   4.64  1.9e-3   0.35   3.98   4.41   4.63   4.87   5.35  32399    1.0
outl_loglike[811]    2.3  4.9e-3   1.14  -0.31   1.65   2.43   3.11   4.15  54166    1.0
outl_loglike[812]    3.2  3.4e-3    0.8   1.45   2.72   3.27   3.76   4.56  55348    1.0
outl_loglike[813]    4.4  2.2e-3   0.46    3.4   4.13   4.43    4.7   5.23  43559    1.0
outl_loglike[814]   4.45  2.2e-3   0.44   3.49    4.2   4.48   4.74   5.26  40544    1.0
outl_loglike[815]  -45.5    0.07  19.04 -87.93 -57.29 -43.53 -31.79 -13.74  66653    1.0
outl_loglike[816]   4.55  2.0e-3   0.39   3.73    4.3   4.56    4.8    5.3  38490    1.0
outl_loglike[817]   3.69  2.9e-3   0.69    2.1   3.29   3.76   4.17   4.83  57207    1.0
outl_loglike[818]  -5.37    0.07   9.93 -28.67 -11.86   -2.2   3.12   4.66  18453    1.0
outl_loglike[819]   4.52  2.0e-3    0.4    3.7   4.28   4.53   4.78   5.29  41476    1.0
outl_loglike[820]   4.66  1.9e-3   0.34   4.01   4.43   4.65   4.88   5.36  31422    1.0
outl_loglike[821]   4.49  2.0e-3   0.41   3.62   4.24    4.5   4.75   5.26  40422    1.0
outl_loglike[822]   4.66  1.9e-3   0.34   4.02   4.43   4.65   4.88   5.36  33150    1.0
outl_loglike[823]   3.99  2.6e-3   0.61   2.64   3.63   4.05   4.41   5.04  54887    1.0
outl_loglike[824]   4.63  2.0e-3   0.35   3.94    4.4   4.63   4.86   5.35  32095    1.0
outl_loglike[825]  -0.53  8.5e-3   1.87  -4.65  -1.71  -0.35   0.84   2.59  48692    1.0
outl_loglike[826]   4.64  1.9e-3   0.35   3.96   4.41   4.63   4.86   5.35  33150    1.0
outl_loglike[827]    4.4  3.8e-3   0.57   3.03   4.17   4.48   4.75   5.26  22576    1.0
outl_loglike[828]   4.58  1.9e-3   0.38   3.82   4.34   4.58   4.82   5.32  37551    1.0
outl_loglike[829]   4.05  2.7e-3    0.6   2.71    3.7   4.11   4.46   5.07  47947    1.0
outl_loglike[830]   4.67  1.8e-3   0.33   4.05   4.44   4.66   4.88   5.37  34541    1.0
outl_loglike[831]   4.45  2.8e-3   0.49   3.29    4.2    4.5   4.77   5.27  30666    1.0
outl_loglike[832]   4.59  2.0e-3   0.38   3.81   4.35   4.59   4.83   5.33  35651    1.0
outl_loglike[833]   4.64  1.9e-3   0.35   3.97   4.42   4.64   4.87   5.36  34142    1.0
outl_loglike[834]   4.65  1.9e-3   0.35   3.99   4.42   4.64   4.87   5.36  32824    1.0
outl_loglike[835]   4.22  2.9e-3   0.61   2.73   3.94   4.32   4.62   5.15  42768    1.0
outl_loglike[836]   4.64  2.0e-3   0.35   3.96   4.41   4.63   4.86   5.36  30760    1.0
outl_loglike[837]   4.64  1.8e-3   0.34   4.01   4.41   4.63   4.86   5.34  34618    1.0
outl_loglike[838]   4.46  2.3e-3   0.45   3.45   4.21   4.49   4.76   5.27  38370    1.0
outl_loglike[839] -12.81    0.02   4.63 -22.92 -15.68 -12.49  -9.53  -4.76  50656    1.0
outl_loglike[840]   4.51  2.1e-3   0.42   3.59   4.26   4.53   4.78   5.29  39542    1.0
outl_loglike[841]   4.22  2.5e-3   0.55   2.97   3.91   4.28   4.59   5.16  46415    1.0
outl_loglike[842]   4.63  1.9e-3   0.36   3.94    4.4   4.63   4.86   5.35  33885    1.0
outl_loglike[843]   2.68  4.2e-3   1.01   0.41   2.09   2.78   3.39   4.33  56825    1.0
outl_loglike[844]   2.45  4.3e-3   1.02   0.12   1.85   2.56   3.16   4.16  55871    1.0
outl_loglike[845]   4.55  2.4e-3   0.42   3.63   4.32   4.57   4.82   5.32  30105    1.0
outl_loglike[846]   4.65  1.9e-3   0.34   4.01   4.42   4.64   4.87   5.36  32823    1.0
outl_loglike[847]    4.5  2.2e-3   0.42   3.59   4.25   4.52   4.77   5.28  38727    1.0
outl_loglike[848]   1.29    0.01   2.35  -4.86   0.26   1.88   2.95   4.27  37355    1.0
outl_loglike[849]    4.6  2.0e-3   0.37   3.86   4.36   4.59   4.84   5.33  35893    1.0
outl_loglike[850]   4.09  2.6e-3   0.59   2.76   3.75   4.15   4.49   5.09  50463    1.0
outl_loglike[851]   3.59  3.3e-3   0.77   1.77   3.17    3.7   4.14   4.81  56618    1.0
outl_loglike[852]   3.41  3.6e-3   0.84   1.52   2.92    3.5    4.0   4.77  54958    1.0
outl_loglike[853]   4.41  2.2e-3   0.47   3.37   4.14   4.44   4.71   5.24  43723    1.0
outl_loglike[854]   3.29  1.7e-3   0.33    2.7   3.06   3.27    3.5   3.99  37870    1.0
outl_loglike[855]   1.83  5.4e-3   1.21  -0.92   1.12   1.97   2.69   3.82  49969    1.0
outl_loglike[856]   3.72  2.4e-3   0.45   2.69   3.46   3.74   4.01   4.53  34718    1.0
outl_loglike[857]   3.33  3.1e-3   0.76   1.65   2.87    3.4   3.87   4.64  59935    1.0
outl_loglike[858]   0.98  6.8e-3   1.57  -2.71   0.09   1.21    2.1   3.42  52928    1.0
outl_loglike[859]   4.65  1.9e-3   0.35   3.99   4.42   4.64   4.87   5.36  34326    1.0
outl_loglike[860]   4.62  1.9e-3   0.36   3.92   4.38   4.61   4.85   5.34  34684    1.0
outl_loglike[861]   2.58  4.3e-3   1.04   0.22   1.98    2.7   3.31   4.27  58498    1.0
outl_loglike[862]   4.23  2.4e-3   0.52   3.08   3.92   4.28   4.59   5.15  48866    1.0
outl_loglike[863]  -22.8    0.02   4.48 -32.57 -25.59 -22.47 -19.67  -14.9  41086    1.0
outl_loglike[864]   3.11  3.4e-3   0.85   1.21   2.62    3.2   3.71   4.52  60426    1.0
outl_loglike[865] -46.52    0.05   9.19 -66.31 -52.32  -45.9 -40.01  -30.4  35126    1.0
outl_loglike[866]   4.23  2.3e-3   0.52   3.09   3.92   4.27   4.57   5.13  49403    1.0
outl_loglike[867] -21.88    0.02   5.71 -34.13 -25.45  -21.5 -17.84 -11.76  55958    1.0
lp__              1624.9    0.39  40.73 1544.2 1597.5 1624.9 1652.4 1704.4  10662    1.0

Samples were drawn using NUTS at Mon Sep 16 20:39:54 2019.
For each parameter, n_eff is a crude measure of effective sample size,
and Rhat is the potential scale reduction factor on split chains (at 
convergence, Rhat=1).
