Inference for Stan model: anon_model_5d703b856fa2f28cab8159e4abe012f4.
4 chains, each with iter=20000; warmup=10000; thin=1; 
post-warmup draws per chain=10000, total post-warmup draws=40000.

                    mean se_mean     sd   2.5%    25%    50%    75%  97.5%  n_eff   Rhat
MB[1]             -19.45  5.9e-5   0.01 -19.48 -19.46 -19.45 -19.45 -19.43  32995    1.0
coeff_angles[1]     0.74  1.2e-4   0.02   0.71   0.73   0.74   0.76   0.78  24674    1.0
coeff_angles[2]     0.05  4.4e-5 7.4e-3   0.03   0.04   0.05   0.05   0.06  27498    1.0
coeff_angles[3]    -0.04  1.1e-4   0.01  -0.07  -0.05  -0.04  -0.03  -0.02  16516    1.0
sigma_int[1]        0.12  5.7e-5 7.4e-3    0.1   0.11   0.12   0.12   0.13  16867    1.0
outl_frac[1]        0.06  9.6e-5   0.02   0.03   0.05   0.06   0.07   0.09  25897    1.0
coeff[1]            0.92  2.2e-4   0.03   0.85    0.9   0.92   0.95   0.98  24751    1.0
coeff[2]            0.05  4.5e-5 7.4e-3   0.03   0.04   0.05   0.05   0.06  27497    1.0
coeff[3]           -0.04  1.1e-4   0.01  -0.07  -0.05  -0.04  -0.03  -0.02  16516    1.0
outl_loglike[1]     3.93  2.7e-3    0.5   2.74   3.68    4.0   4.26   4.74  35267    1.0
outl_loglike[2]     3.75  9.1e-3   1.11   1.62   3.59   3.96   4.23   4.72  14802    1.0
outl_loglike[3]     3.82  8.1e-3   0.95   1.81   3.64    4.0   4.27   4.75  13726    1.0
outl_loglike[4]     3.92  5.3e-3   0.67   2.31   3.72   4.04    4.3   4.78  15851    1.0
outl_loglike[5]     3.66    0.01   1.19   1.39   3.51   3.89   4.16   4.66  11955    1.0
outl_loglike[6]     3.93  5.2e-3   0.68   2.33   3.73   4.05    4.3   4.78  17119    1.0
outl_loglike[7]     3.53    0.01   1.57   0.08   3.37   3.91   4.22   4.74  14942    1.0
outl_loglike[8]     3.83  7.4e-3   0.88   1.94   3.65   3.99   4.26   4.74  14090    1.0
outl_loglike[9]     4.01  3.6e-3   0.53   2.68    3.8   4.08   4.33   4.79  21448    1.0
outl_loglike[10]    3.66    0.01   1.46   1.18   3.53   3.94   4.21   4.71  15105    1.0
outl_loglike[11]     3.7    0.01   1.21   1.46   3.54   3.92    4.2   4.68  13724    1.0
outl_loglike[12]     4.0  3.6e-3   0.54   2.66   3.79   4.07   4.32   4.79  22771    1.0
outl_loglike[13]    3.76  9.8e-3   1.12   1.52    3.6   3.98   4.25   4.73  13131    1.0
outl_loglike[14]    3.53  9.0e-3   1.05   1.34   3.36   3.74   4.01    4.5  13749    1.0
outl_loglike[15]    3.58    0.02   1.79    0.5    3.5   3.93   4.22   4.71  13967    1.0
outl_loglike[16]    3.04  5.3e-3   1.05   0.49   2.53   3.23   3.77   4.48  38937    1.0
outl_loglike[17]    3.66  2.6e-3   0.55   2.39   3.34   3.72   4.03   4.58  43718    1.0
outl_loglike[18]    4.04  3.5e-3   0.49   2.81   3.83    4.1   4.34   4.79  19269    1.0
outl_loglike[19]    3.62    0.01   1.44   1.07    3.5   3.89   4.17   4.66  12377    1.0
outl_loglike[20]    3.72    0.01   1.21   1.41   3.57   3.96   4.23   4.71  11952    1.0
outl_loglike[21]     3.4  7.7e-3   0.88   1.43   3.22   3.57   3.84   4.33  13192    1.0
outl_loglike[22]    4.26  1.8e-3   0.29   3.75   4.06   4.24   4.45   4.88  26886    1.0
outl_loglike[23]    3.62    0.01   1.25   1.36   3.47   3.86   4.14   4.62  13001    1.0
outl_loglike[24]    4.16  1.8e-3   0.32   3.56   3.95   4.16   4.37   4.81  30987    1.0
outl_loglike[25]    3.85  7.1e-3   0.83   1.94   3.66   4.02   4.28   4.76  13518    1.0
outl_loglike[26]    3.33  6.4e-3   0.76   1.58   3.14   3.47   3.74   4.23  14278    1.0
outl_loglike[27]    3.96  3.8e-3   0.58    2.5   3.74   4.05   4.31   4.78  23703    1.0
outl_loglike[28]    3.27  7.1e-3   0.96   1.19    3.1   3.46   3.74   4.24  18068    1.0
outl_loglike[29]    3.52    0.02   1.78   0.53   3.45   3.87   4.15   4.65  11345    1.0
outl_loglike[30]    3.72  4.7e-3   0.84   1.56   3.44   3.91   4.22   4.73  31272    1.0
outl_loglike[31]    3.74  9.6e-3   1.19   1.48   3.58   3.98   4.25   4.73  15299    1.0
outl_loglike[32]    3.64    0.01   1.18   1.34   3.49   3.87   4.15   4.64  11588    1.0
outl_loglike[33]    3.79  9.6e-3    1.1   1.68   3.63   3.99   4.26   4.75  12937    1.0
outl_loglike[34]    4.03  2.6e-3   0.45   2.95    3.8   4.08   4.32   4.79  30203    1.0
outl_loglike[35]    3.25    0.01   1.46   0.28   3.12   3.55   3.85   4.35  15947    1.0
outl_loglike[36]    3.27  4.1e-3   0.85   1.23   2.84   3.42   3.87   4.49  43152    1.0
outl_loglike[37]    3.47  9.0e-3   1.04   1.32   3.29   3.66   3.94   4.44  13434    1.0
outl_loglike[38]    3.32  7.9e-3   0.94   1.29   3.14   3.51   3.78   4.27  14061    1.0
outl_loglike[39]    3.92  2.8e-3   0.54   2.56   3.68    4.0   4.27   4.75  36860    1.0
outl_loglike[40]    4.07  2.8e-3   0.44   3.02   3.86   4.12   4.35   4.81  24479    1.0
outl_loglike[41]    3.31  6.6e-3    0.8   1.46   3.12   3.46   3.73   4.23  14869    1.0
outl_loglike[42]    3.76  8.6e-3   1.03   1.68   3.59   3.96   4.23   4.72  14211    1.0
outl_loglike[43]    3.78  9.3e-3   1.06   1.63   3.61   3.98   4.24   4.73  13140    1.0
outl_loglike[44]    3.24  8.3e-3   0.97   0.94   3.07   3.45   3.73   4.24  13638    1.0
outl_loglike[45]    3.55    0.01   1.29   1.19   3.41    3.8   4.08   4.57  14196    1.0
outl_loglike[46]    3.44  8.6e-3   1.01   1.35   3.28   3.64   3.91   4.41  13778    1.0
outl_loglike[47]    4.25  1.8e-3    0.3   3.72   4.05   4.24   4.44   4.88  26629    1.0
outl_loglike[48]    3.98  3.1e-3   0.53   2.65   3.76   4.05   4.31   4.78  28677    1.0
outl_loglike[49]    3.97  4.1e-3   0.57   2.53   3.77   4.06   4.32   4.78  19057    1.0
outl_loglike[50]    3.84  3.2e-3   0.62    2.3   3.56   3.95   4.24   4.73  36062    1.0
outl_loglike[51]    3.72    0.01   1.26   1.38   3.58   3.95   4.22   4.71  12314    1.0
outl_loglike[52]    3.52  4.2e-3   0.81    1.5   3.14   3.69   4.08   4.64  37790    1.0
outl_loglike[53]    4.14  2.6e-3   0.38   3.29   3.93   4.15   4.38   4.83  21263    1.0
outl_loglike[54]    3.85  5.1e-3   0.76   1.95   3.63    4.0   4.28   4.76  22319    1.0
outl_loglike[55]    4.06  3.2e-3   0.46   2.94   3.85   4.11   4.34    4.8  21020    1.0
outl_loglike[56]    4.02  3.8e-3   0.51   2.75   3.81   4.09   4.32   4.79  17803    1.0
outl_loglike[57]    3.79  9.1e-3   1.01    1.8   3.62   3.98   4.26   4.74  12298    1.0
outl_loglike[58]    3.74  3.6e-3   0.71   1.94   3.45   3.89    4.2   4.71  38237    1.0
outl_loglike[59]    3.97  4.1e-3   0.58   2.52   3.77   4.07   4.31   4.78  19913    1.0
outl_loglike[60]    4.04  3.4e-3   0.48   2.88   3.84   4.09   4.33   4.79  19752    1.0
outl_loglike[61]     3.7    0.01   1.24   1.42   3.55   3.93   4.21    4.7  10104    1.0
outl_loglike[62]    3.83  7.3e-3   0.89   1.86   3.64    4.0   4.27   4.74  14627    1.0
outl_loglike[63]    2.84    0.02   3.05   -6.4   2.85   3.73   4.14   4.69  15107    1.0
outl_loglike[64]    3.58 10.0e-3   1.35   0.43   3.38   3.92   4.23   4.73  18292    1.0
outl_loglike[65]    3.47  3.8e-3   0.77   1.62   3.08    3.6    4.0   4.59  40116    1.0
outl_loglike[66]    3.94  4.9e-3   0.64   2.36   3.74   4.05    4.3   4.78  17302    1.0
outl_loglike[67]    3.85  6.8e-3   0.85   1.86   3.67   4.02   4.28   4.77  15717    1.0
outl_loglike[68]     3.4  8.3e-3    0.9   1.47   3.21   3.57   3.84   4.34  11812    1.0
outl_loglike[69]    2.13  4.0e-3   0.83    0.3   1.64   2.19   2.69   3.57  42781    1.0
outl_loglike[70]    3.38  8.3e-3    1.0   1.31    3.2   3.57   3.84   4.34  14517    1.0
outl_loglike[71]    3.45  8.3e-3   0.95   1.39   3.28   3.64   3.91    4.4  12971    1.0
outl_loglike[72]    3.65  9.5e-3   1.22    1.4    3.5   3.88   4.16   4.65  16646    1.0
outl_loglike[73]    3.53    0.01   1.28   1.14    3.4   3.78   4.05   4.55  12681    1.0
outl_loglike[74]     3.8  7.7e-3    1.0   1.78   3.62    4.0   4.27   4.75  16753    1.0
outl_loglike[75]    3.77  3.6e-3   0.67   2.08   3.48    3.9    4.2   4.71  34805    1.0
outl_loglike[76]    3.49  2.7e-3   0.53   2.32   3.18   3.53   3.86   4.41  39353    1.0
outl_loglike[77]     4.2  2.0e-3   0.32   3.58   3.99   4.19   4.41   4.84  26397    1.0
outl_loglike[78]     3.8  8.8e-3   1.04   1.74   3.63   3.99   4.26   4.74  14059    1.0
outl_loglike[79]    3.43  8.7e-3   0.97   1.34   3.25   3.61   3.89   4.38  12273    1.0
outl_loglike[80]    3.62    0.01   1.53   1.13    3.5    3.9   4.18   4.67  11078    1.0
outl_loglike[81]    3.97  4.7e-3   0.59   2.52   3.77   4.07   4.32   4.79  15765    1.0
outl_loglike[82]    3.56    0.01   1.44   1.16   3.43   3.83   4.11    4.6  11892    1.0
outl_loglike[83]    3.93  4.5e-3   0.64   2.31   3.72   4.05    4.3   4.77  20124    1.0
outl_loglike[84]    3.09  5.6e-3   1.14   0.26   2.58   3.34   3.87   4.53  40795    1.0
outl_loglike[85]     2.0  6.1e-3   1.15  -0.67   1.36   2.14    2.8   3.85  35850    1.0
outl_loglike[86]    3.94  5.0e-3   0.64   2.34   3.74   4.05   4.31   4.77  16197    1.0
outl_loglike[87]    4.03  2.7e-3   0.46   2.91   3.81   4.08   4.32   4.78  29202    1.0
outl_loglike[88]    3.58    0.01   1.11   1.42   3.41   3.79   4.06   4.56  11900    1.0
outl_loglike[89]    4.08  2.9e-3   0.44   3.02   3.87   4.12   4.35   4.81  23890    1.0
outl_loglike[90]     3.1  6.2e-3   0.81   1.18    2.9   3.25   3.53   4.04  16941    1.0
outl_loglike[91]    4.03  1.9e-3   0.35   3.32   3.81   4.03   4.26   4.72  34126    1.0
outl_loglike[92]    3.99  3.0e-3   0.52   2.72   3.77   4.07   4.32   4.79  29129    1.0
outl_loglike[93]    3.82  3.5e-3   0.65   2.19   3.55   3.95   4.24   4.73  35412    1.0
outl_loglike[94]    3.78  9.6e-3   1.15   1.58   3.62   3.99   4.26   4.75  14283    1.0
outl_loglike[95]    3.91  2.7e-3   0.46   2.92   3.63   3.94   4.22   4.74  28942    1.0
outl_loglike[96]    4.12  2.8e-3    0.4    3.2   3.91   4.14   4.37   4.83  20531    1.0
outl_loglike[97]    3.64    0.01   1.32   1.35   3.51   3.88   4.16   4.65  11339    1.0
outl_loglike[98]    3.29  6.4e-3   0.77   1.48    3.1   3.43    3.7   4.19  14814    1.0
outl_loglike[99]    3.52    0.01   1.84  -0.17   3.42   3.92   4.23   4.73  15637    1.0
outl_loglike[100]   4.01  3.9e-3   0.53   2.69   3.79   4.08   4.32   4.79  18032    1.0
outl_loglike[101]   3.36  9.4e-3   1.03   1.21   3.19   3.56   3.84   4.33  12019    1.0
outl_loglike[102]   4.03  2.6e-3   0.46   2.95   3.81   4.07   4.32   4.78  30830    1.0
outl_loglike[103]   3.16  6.7e-3   1.23   0.04   2.69   3.45   3.96    4.6  33565    1.0
outl_loglike[104]   3.54  9.3e-3   1.04   1.38   3.37   3.74   4.02   4.51  12455    1.0
outl_loglike[105]   3.92  5.1e-3   0.68   2.29   3.73   4.05    4.3   4.77  17515    1.0
outl_loglike[106]   3.63    0.01   1.42   1.16   3.51    3.9   4.18   4.66  10456    1.0
outl_loglike[107]   3.83  7.1e-3    0.9   1.83   3.64   4.01   4.27   4.76  16148    1.0
outl_loglike[108]   3.66 10.0e-3   1.21   1.43   3.51   3.89   4.16   4.65  14604    1.0
outl_loglike[109]   3.91  5.9e-3   0.71   2.25   3.71   4.04    4.3   4.77  14468    1.0
outl_loglike[110]   3.76  9.3e-3   1.12   1.63    3.6   3.97   4.24   4.72  14409    1.0
outl_loglike[111]   3.95  4.4e-3   0.62   2.41   3.74   4.05   4.31   4.78  19442    1.0
outl_loglike[112]    3.6    0.01   1.28   1.28   3.46   3.85   4.13   4.61  12093    1.0
outl_loglike[113]   3.72    0.01   1.31   1.41   3.57   3.97   4.24   4.73  14268    1.0
outl_loglike[114]   4.05  2.8e-3   0.46   2.95   3.83    4.1   4.34    4.8  26265    1.0
outl_loglike[115]   4.06  3.0e-3   0.46   2.97   3.85   4.11   4.35    4.8  23738    1.0
outl_loglike[116]   3.87  6.9e-3    0.8    2.0   3.67   4.02   4.29   4.76  13464    1.0
outl_loglike[117]   3.61    0.01   1.54   1.11   3.49   3.89   4.17   4.66  13648    1.0
outl_loglike[118]   4.07  3.2e-3   0.46   2.98   3.86   4.11   4.35   4.81  20894    1.0
outl_loglike[119]   3.49    0.01   1.16   1.21   3.34   3.71   3.99   4.47  11478    1.0
outl_loglike[120]    3.3  7.6e-3   0.88   1.34   3.12   3.47   3.74   4.24  13288    1.0
outl_loglike[121]   3.44  7.4e-3   0.88   1.45   3.25   3.61   3.88   4.37  14075    1.0
outl_loglike[122]   4.07  2.9e-3   0.44   3.01   3.86   4.11   4.34    4.8  23116    1.0
outl_loglike[123]   3.87  5.4e-3   0.76    2.1   3.68   4.02   4.28   4.76  19800    1.0
outl_loglike[124]   3.51  6.6e-3    1.1   0.82   3.19   3.79   4.15   4.69  27329    1.0
outl_loglike[125]   3.15  5.8e-3   0.77   1.24   2.95    3.3   3.58   4.08  17433    1.0
outl_loglike[126]   3.96  4.2e-3    0.6   2.43   3.75   4.06   4.31   4.79  20362    1.0
outl_loglike[127]   3.83  3.2e-3   0.61   2.32   3.56   3.95   4.23   4.73  36418    1.0
outl_loglike[128]   3.81  8.9e-3   1.01   1.81   3.64    4.0   4.26   4.73  13104    1.0
outl_loglike[129]   3.75  9.5e-3   1.11    1.6   3.59   3.97   4.24   4.72  13857    1.0
outl_loglike[130]   3.55  3.8e-3   0.75   1.72   3.19    3.7   4.06   4.62  39069    1.0
outl_loglike[131]   4.16  2.2e-3   0.35   3.41   3.94   4.16   4.38   4.83  26720    1.0
outl_loglike[132]   3.47    0.01   1.29    1.1   3.33   3.72    4.0    4.5  13105    1.0
outl_loglike[133]    3.4  4.2e-3   0.86    1.3   2.99   3.57   3.99   4.59  40983    1.0
outl_loglike[134]   3.87  5.5e-3   0.81   2.04   3.67   4.02   4.28   4.76  21354    1.0
outl_loglike[135]   3.84  3.2e-3    0.6   2.34   3.56   3.95   4.24   4.73  34896    1.0
outl_loglike[136]   3.74    0.01   1.18   1.44   3.58   3.97   4.24   4.73  12643    1.0
outl_loglike[137]   4.09  3.0e-3   0.42   3.11   3.88   4.13   4.36   4.81  19240    1.0
outl_loglike[138]    4.1  2.8e-3   0.41   3.15   3.89   4.13   4.36   4.81  22141    1.0
outl_loglike[139]   3.62    0.01   1.19   1.41   3.47   3.85   4.12   4.61  11426    1.0
outl_loglike[140]   3.59    0.01   1.22   1.35   3.44   3.81   4.09   4.58  12115    1.0
outl_loglike[141]   3.98  2.9e-3    0.5   2.76   3.75   4.05    4.3   4.78  30994    1.0
outl_loglike[142]   3.79  9.3e-3   1.06    1.7   3.62   3.99   4.26   4.74  12824    1.0
outl_loglike[143]    3.8  7.9e-3   0.97   1.77   3.63   3.99   4.26   4.74  15211    1.0
outl_loglike[144]   3.81  8.1e-3   0.95   1.84   3.63   3.99   4.26   4.75  13818    1.0
outl_loglike[145]   3.85  6.0e-3   0.79   2.05   3.66    4.0   4.26   4.74  17388    1.0
outl_loglike[146]   4.24  1.9e-3    0.3   3.69   4.03   4.23   4.44   4.87  25821    1.0
outl_loglike[147]   3.79  8.6e-3   1.03   1.69   3.61   3.99   4.26   4.74  14108    1.0
outl_loglike[148]   4.13  2.2e-3   0.37   3.33   3.92   4.14   4.37   4.81  27678    1.0
outl_loglike[149]   3.55    0.01   1.67   0.93   3.46   3.86   4.14   4.63  12988    1.0
outl_loglike[150]   3.73    0.01   1.21   1.47   3.58   3.95   4.23   4.71  10731    1.0
outl_loglike[151]   3.35  7.4e-3   0.85   1.44   3.16   3.51   3.78   4.28  13193    1.0
outl_loglike[152]   3.38  8.5e-3   0.95   1.34    3.2   3.56   3.83   4.33  12234    1.0
outl_loglike[153]   3.14  6.7e-3   0.86   1.07   2.95   3.31   3.59   4.09  16559    1.0
outl_loglike[154]   3.62  9.8e-3   1.16   1.36   3.47   3.85   4.13   4.62  13756    1.0
outl_loglike[155]   3.99  3.9e-3   0.55   2.59   3.78   4.07   4.32   4.79  20450    1.0
outl_loglike[156]   3.68    0.01   1.25   1.41   3.53   3.92   4.19   4.68  12721    1.0
outl_loglike[157]   4.15  2.4e-3   0.37   3.35   3.94   4.17   4.39   4.85  23651    1.0
outl_loglike[158]   3.78  9.8e-3   1.07   1.71   3.61   3.99   4.26   4.74  11965    1.0
outl_loglike[159]   3.59  9.6e-3   1.19   1.31   3.44   3.83    4.1    4.6  15183    1.0
outl_loglike[160]   3.88  4.1e-3   0.67   2.17   3.66   4.01   4.28   4.76  27092    1.0
outl_loglike[161]   3.48    0.02    1.9   0.13   3.42   3.87   4.16   4.64  14114    1.0
outl_loglike[162]   3.83  5.1e-3   0.76   1.89    3.6   3.99   4.27   4.76  22485    1.0
outl_loglike[163]   4.05  3.2e-3   0.47   2.93   3.84    4.1   4.34    4.8  21803    1.0
outl_loglike[164]   4.19  1.8e-3   0.32   3.59   3.98   4.18    4.4   4.83  29429    1.0
outl_loglike[165]   3.89  4.1e-3   0.67   2.18   3.67   4.02   4.29   4.76  26663    1.0
outl_loglike[166]    3.7    0.01    1.3   1.26   3.55   3.96   4.25   4.74  15842    1.0
outl_loglike[167]   3.92  5.3e-3   0.69   2.26   3.71   4.04    4.3   4.78  17434    1.0
outl_loglike[168]   3.64  6.7e-3   1.07   1.08   3.38    3.9   4.22   4.73  25653    1.0
outl_loglike[169]   3.53  9.3e-3   1.08   1.42   3.36   3.73   4.01    4.5  13298    1.0
outl_loglike[170]   4.12  2.0e-3   0.34   3.45    3.9   4.12   4.35    4.8  28824    1.0
outl_loglike[171]   3.66    0.01   1.27   1.32   3.52   3.91   4.19   4.67  10762    1.0
outl_loglike[172]   3.79  8.4e-3   0.98   1.72   3.61   3.98   4.25   4.74  13570    1.0
outl_loglike[173]    3.7 10.0e-3   1.15   1.52   3.54   3.91   4.18   4.67  13409    1.0
outl_loglike[174]   3.92  3.2e-3   0.56   2.52   3.68   4.01   4.28   4.76  31756    1.0
outl_loglike[175]   3.78  8.7e-3   1.02   1.72   3.61   3.98   4.25   4.73  13703    1.0
outl_loglike[176]    3.4  9.4e-3   1.11   1.12   3.24   3.61   3.89   4.38  13946    1.0
outl_loglike[177]   3.66    0.01   1.27   1.36   3.52    3.9   4.18   4.67  13313    1.0
outl_loglike[178]   3.88  6.2e-3   0.76   2.13   3.69   4.03   4.29   4.76  15265    1.0
outl_loglike[179]   4.16  2.2e-3   0.35   3.41   3.95   4.17   4.38   4.83  26867    1.0
outl_loglike[180]   3.69    0.01    1.2   1.51   3.54   3.91   4.19   4.67  13066    1.0
outl_loglike[181]   4.12  2.5e-3    0.4   3.22   3.91   4.15   4.37   4.82  24661    1.0
outl_loglike[182]   3.88  3.8e-3   0.66   2.21   3.65   4.01   4.28   4.76  29313    1.0
outl_loglike[183]   3.81  7.9e-3   0.91   1.78   3.64   3.99   4.26   4.75  13034    1.0
outl_loglike[184]   3.77  9.5e-3   1.07   1.57    3.6   3.98   4.25   4.73  12804    1.0
outl_loglike[185]   3.78  8.3e-3   0.97   1.74    3.6   3.97   4.24   4.72  13404    1.0
outl_loglike[186]   4.15  2.4e-3   0.36   3.37   3.94   4.16   4.39   4.83  22670    1.0
outl_loglike[187]   3.27    0.01   1.56  -0.84   2.95    3.7   4.12   4.67  22731    1.0
outl_loglike[188]   3.95  4.6e-3    0.6   2.44   3.75   4.05   4.31   4.78  17167    1.0
outl_loglike[189]   3.86  6.2e-3   0.83   1.99   3.67   4.02   4.29   4.76  17684    1.0
outl_loglike[190]   3.92  5.0e-3   0.67   2.31   3.71   4.04   4.29   4.77  18357    1.0
outl_loglike[191]   4.26  1.9e-3   0.29   3.73   4.05   4.24   4.44   4.88  25089    1.0
outl_loglike[192]   3.51    0.01   1.19    1.2   3.36   3.74   4.02   4.51  12573    1.0
outl_loglike[193]   3.54    0.01   1.35   0.94   3.41   3.81   4.09   4.59  12327    1.0
outl_loglike[194]   3.18  5.4e-3   0.69   1.52   2.98    3.3   3.57   4.06  16567    1.0
outl_loglike[195]   3.78  7.7e-3    1.0    1.6    3.6    4.0   4.27   4.76  16884    1.0
outl_loglike[196]   3.19  5.0e-3   0.63   1.65   2.99    3.3   3.56   4.05  16062    1.0
outl_loglike[197]   3.87  5.6e-3   0.77   2.05   3.67   4.02   4.29   4.77  18913    1.0
outl_loglike[198]   4.22  1.8e-3   0.31   3.66   4.01   4.21   4.41   4.85  29054    1.0
outl_loglike[199]   3.81  7.2e-3   0.94   1.79   3.63    4.0   4.26   4.75  17063    1.0
outl_loglike[200]    3.8  8.0e-3   0.99   1.75   3.61    4.0   4.26   4.75  15205    1.0
outl_loglike[201]   3.75    0.01    1.1   1.67   3.59   3.95   4.22   4.71  11474    1.0
outl_loglike[202]   3.86  6.3e-3   0.81   2.01   3.67   4.02   4.28   4.76  16417    1.0
outl_loglike[203]    4.2  2.1e-3   0.33   3.56   3.99   4.19   4.41   4.85  23426    1.0
outl_loglike[204]   3.25  3.9e-3    0.8    1.4   2.82   3.37   3.81   4.47  41430    1.0
outl_loglike[205]   3.74    0.01   1.15   1.62   3.58   3.96   4.23   4.71  11805    1.0
outl_loglike[206]   2.33  7.7e-3   1.47  -1.51   1.68   2.62   3.33   4.25  36981    1.0
outl_loglike[207]   4.15  2.0e-3   0.34   3.46   3.93   4.15   4.37   4.81  29902    1.0
outl_loglike[208]    3.4  8.1e-3   0.91    1.4   3.22   3.58   3.85   4.34  12478    1.0
outl_loglike[209]   4.02  3.2e-3    0.5   2.78    3.8   4.08   4.33   4.79  25088    1.0
outl_loglike[210]   3.87  5.3e-3   0.75   2.04   3.67   4.02   4.28   4.77  20152    1.0
outl_loglike[211]    3.8  5.3e-3   0.81   1.79   3.58   3.98   4.26   4.75  23570    1.0
outl_loglike[212]   3.45    0.01   1.29   1.15   3.31    3.7   3.98   4.48  13709    1.0
outl_loglike[213]   3.73  3.0e-3   0.57   2.42   3.41    3.8   4.13   4.68  36088    1.0
outl_loglike[214]   3.93  3.6e-3    0.6   2.41   3.71   4.04    4.3   4.77  26772    1.0
outl_loglike[215]   3.29  7.5e-3   0.92   1.22   3.09   3.47   3.75   4.25  14751    1.0
outl_loglike[216]   2.92  3.9e-3   0.63   1.35   2.69   3.02    3.3   3.78  25569    1.0
outl_loglike[217]   4.01  4.1e-3   0.53    2.7    3.8   4.08   4.33   4.79  16845    1.0
outl_loglike[218]   4.17  2.1e-3   0.34   3.46   3.96   4.17   4.39   4.83  26987    1.0
outl_loglike[219]    3.7    0.01   1.19   1.38   3.55   3.93   4.21    4.7  13567    1.0
outl_loglike[220]   3.21  5.2e-3   0.69   1.56    3.0   3.32   3.59   4.08  17146    1.0
outl_loglike[221]    3.2  4.6e-3   0.59   1.73   2.99   3.29   3.54   4.03  16379    1.0
outl_loglike[222]   3.91  4.5e-3   0.66   2.27   3.71   4.03   4.29   4.76  21740    1.0
outl_loglike[223]   4.12  2.6e-3    0.4   3.21   3.92   4.15   4.37   4.82  22798    1.0
outl_loglike[224]   3.79  8.7e-3   1.03   1.63   3.63    4.0   4.27   4.76  14126    1.0
outl_loglike[225]   3.83  5.9e-3   0.82   1.84   3.63    4.0   4.28   4.76  19373    1.0
outl_loglike[226]   3.95  2.5e-3   0.46   2.88    3.7    4.0   4.25   4.73  35321    1.0
outl_loglike[227]   3.81  7.9e-3   0.96   1.75   3.63    4.0   4.27   4.76  14669    1.0
outl_loglike[228]   4.14  2.4e-3   0.37   3.33   3.93   4.15   4.38   4.82  23692    1.0
outl_loglike[229]   3.68    0.01   1.25   1.48   3.54   3.92   4.19   4.68  12469    1.0
outl_loglike[230]   3.71    0.01   1.18   1.57   3.55   3.92   4.19   4.69  13502    1.0
outl_loglike[231]   3.89  3.2e-3   0.57   2.45   3.63   3.98   4.25   4.74  32619    1.0
outl_loglike[232]   3.81  2.3e-3   0.43   2.91   3.54   3.83    4.1   4.62  34246    1.0
outl_loglike[233]   3.57    0.02   1.84   0.41    3.5   3.95   4.23   4.73  12746    1.0
outl_loglike[234]   3.73  4.9e-3   0.81    1.7   3.45   3.92   4.22   4.73  27378    1.0
outl_loglike[235]   3.49    0.02   1.92   0.46   3.43   3.84   4.13   4.63  11526    1.0
outl_loglike[236]   3.95  4.5e-3   0.61   2.43   3.75   4.05   4.31   4.77  18761    1.0
outl_loglike[237]   3.98  3.7e-3   0.56   2.58   3.77   4.07   4.32   4.79  23657    1.0
outl_loglike[238]   3.91  5.8e-3   0.68   2.28   3.71   4.03   4.28   4.76  13716    1.0
outl_loglike[239]   3.91  4.3e-3   0.64    2.3    3.7   4.03   4.29   4.77  22134    1.0
outl_loglike[240]   3.81  8.7e-3   0.97   1.74   3.64   4.01   4.27   4.74  12482    1.0
outl_loglike[241]   3.68    0.01   1.21   1.53   3.52    3.9   4.18   4.66  12277    1.0
outl_loglike[242]   3.81  8.2e-3   0.97   1.79   3.63    4.0   4.27   4.75  14172    1.0
outl_loglike[243]   4.07  2.4e-3   0.41   3.17   3.83   4.09   4.33    4.8  29657    1.0
outl_loglike[244]   3.73  8.8e-3   1.05   1.55   3.56   3.94   4.22    4.7  14313    1.0
outl_loglike[245]   3.82  7.6e-3   0.97   1.78   3.64   4.01   4.27   4.75  16369    1.0
outl_loglike[246]   3.66    0.01   1.33   1.31   3.53    3.9   4.17   4.66   8822    1.0
outl_loglike[247]   4.02  2.5e-3   0.44   2.99   3.79   4.07   4.31   4.78  31808    1.0
outl_loglike[248]   3.71    0.01   1.14   1.41   3.55   3.93    4.2   4.69  11492    1.0
outl_loglike[249]   3.53    0.01   1.69   0.92   3.43   3.84   4.12   4.62  12900    1.0
outl_loglike[250]   4.02  3.6e-3    0.5    2.8   3.82   4.09   4.33   4.79  19369    1.0
outl_loglike[251]   3.82  7.3e-3   0.91   1.84   3.64    4.0   4.27   4.74  15508    1.0
outl_loglike[252]   3.21  2.8e-3   0.57   2.01   2.86   3.23   3.59   4.25  42250    1.0
outl_loglike[253]   3.83  7.3e-3   0.92    1.8   3.65   4.01   4.27   4.76  15742    1.0
outl_loglike[254]    4.0  1.8e-3   0.33   3.37   3.78    4.0   4.22   4.69  34780    1.0
outl_loglike[255]   4.09  3.0e-3   0.43   3.05   3.88   4.13   4.36   4.81  20626    1.0
outl_loglike[256]   4.24  1.9e-3    0.3   3.69   4.04   4.23   4.44   4.87  26153    1.0
outl_loglike[257]    3.8  7.3e-3   0.93   1.66   3.62    4.0   4.27   4.76  16135    1.0
outl_loglike[258]   3.63  5.5e-3   0.92   1.32   3.31   3.85   4.19   4.71  28581    1.0
outl_loglike[259]   2.91  6.2e-3   1.21  -0.08   2.39   3.16   3.73   4.46  38335    1.0
outl_loglike[260]   3.71  8.3e-3   1.13   1.19   3.53   3.97   4.26   4.75  18356    1.0
outl_loglike[261]   3.93  5.3e-3   0.67   2.32   3.73   4.05   4.31   4.78  15641    1.0
outl_loglike[262]   3.71    0.01   1.22   1.49   3.57   3.95   4.22    4.7  13047    1.0
outl_loglike[263]   3.82  7.9e-3   0.96   1.83   3.64    4.0   4.26   4.75  14498    1.0
outl_loglike[264]   4.03  3.2e-3   0.49   2.82   3.81   4.09   4.33   4.79  23899    1.0
outl_loglike[265]   3.69  6.7e-3    1.0   1.31   3.45   3.94   4.24   4.73  22125    1.0
outl_loglike[266]   3.38  8.2e-3   0.96   1.26    3.2   3.57   3.84   4.33  13607    1.0
outl_loglike[267]   3.31  7.0e-3   0.89   1.28   3.12   3.48   3.76   4.25  15971    1.0
outl_loglike[268]   3.66    0.01    1.3   1.37   3.52    3.9   4.18   4.66  13979    1.0
outl_loglike[269]   3.93  4.6e-3   0.65   2.32   3.73   4.05    4.3   4.78  20070    1.0
outl_loglike[270]    3.7    0.01   1.33   1.39   3.55   3.95   4.23   4.71  13360    1.0
outl_loglike[271]   3.83  6.4e-3   0.86   1.92   3.64   3.99   4.26   4.74  18499    1.0
outl_loglike[272]   2.97 10.0e-3   1.71  -1.83   2.56   3.43   3.98   4.59  29508    1.0
outl_loglike[273]   3.87  5.2e-3   0.73   2.08   3.66   4.02   4.29   4.77  20041    1.0
outl_loglike[274]   3.66  8.6e-3   1.18   1.01   3.45   3.94   4.24   4.74  18744    1.0
outl_loglike[275]   4.18  2.0e-3   0.34   3.49   3.97   4.18   4.39   4.83  28559    1.0
outl_loglike[276]   3.92  5.2e-3   0.67   2.24   3.72   4.04    4.3   4.78  16707    1.0
outl_loglike[277]   4.04  2.2e-3   0.38   3.28    3.8   4.05   4.29   4.76  30007    1.0
outl_loglike[278]   3.97  4.6e-3    0.6   2.47   3.77   4.07   4.32   4.78  16951    1.0
outl_loglike[279]   3.66  2.7e-3   0.53   2.48   3.34   3.71   4.02   4.57  39750    1.0
outl_loglike[280]   3.67    0.01   1.41   1.23   3.54   3.93    4.2    4.7  12419    1.0
outl_loglike[281]    3.6  9.7e-3   1.21   1.34   3.45   3.83    4.1   4.59  15371    1.0
outl_loglike[282]   3.82  7.0e-3   0.93   1.88   3.64    4.0   4.26   4.75  17805    1.0
outl_loglike[283]   3.69  9.1e-3   0.99   1.61   3.51   3.88   4.15   4.64  11843    1.0
outl_loglike[284]   3.81  7.8e-3   0.97   1.77   3.64   3.99   4.26   4.74  15305    1.0
outl_loglike[285]   3.41  8.8e-3   1.36   0.02   3.11   3.78   4.16   4.69  23864    1.0
outl_loglike[286]   3.54    0.02   1.54    1.0   3.44   3.83   4.11    4.6  10377    1.0
outl_loglike[287]   3.79  8.7e-3    1.0   1.69   3.61   3.99   4.26   4.74  13137    1.0
outl_loglike[288]   3.54    0.02    1.9   0.09   3.46   3.94   4.23   4.73  15509    1.0
outl_loglike[289]   3.22  6.0e-3   1.11   0.45   2.76   3.47   3.96   4.58  33984    1.0
outl_loglike[290]   4.01  3.8e-3   0.52   2.74    3.8   4.08   4.33   4.79  18620    1.0
outl_loglike[291]   3.93  4.8e-3   0.66   2.32   3.73   4.05   4.31   4.78  18538    1.0
outl_loglike[292]   4.06  2.7e-3   0.44   3.04   3.84   4.11   4.34    4.8  26528    1.0
outl_loglike[293]   3.33  9.8e-3   1.21   0.94   3.18   3.58   3.86   4.35  15237    1.0
outl_loglike[294]   3.84  6.5e-3   0.85   1.94   3.65   4.01   4.27   4.75  17044    1.0
outl_loglike[295]   3.31  6.0e-3   0.72   1.54    3.1   3.44   3.71    4.2  14772    1.0
outl_loglike[296]   3.84  6.5e-3   0.87   1.86   3.65   4.01   4.28   4.76  17531    1.0
outl_loglike[297]   3.56    0.01   1.56   0.24   3.42   3.93   4.23   4.72  15437    1.0
outl_loglike[298]   3.76    0.01   1.17   1.54   3.61   3.99   4.26   4.74  13098    1.0
outl_loglike[299]   3.31  8.0e-3   0.92   1.33   3.13   3.49   3.76   4.26  13178    1.0
outl_loglike[300]   3.91  2.9e-3   0.52   2.65   3.65   3.99   4.26   4.75  32087    1.0
outl_loglike[301]   4.07  3.2e-3   0.45    3.0   3.86   4.11   4.35   4.81  20172    1.0
outl_loglike[302]   3.81  8.2e-3   0.96   1.82   3.63   3.99   4.26   4.75  13853    1.0
outl_loglike[303]    3.3  8.2e-3   1.33  -0.08   2.93   3.66   4.08   4.65  25855    1.0
outl_loglike[304]   3.93  4.2e-3   0.62   2.37   3.72   4.04    4.3   4.77  22574    1.0
outl_loglike[305]   3.55    0.02   1.56   0.81   3.45   3.85   4.13   4.62  10142    1.0
outl_loglike[306]   3.71  6.4e-3   0.98   1.27   3.48   3.94   4.24   4.73  23380    1.0
outl_loglike[307]   3.87  4.2e-3   0.69   2.12   3.66   4.01   4.28   4.75  26715    1.0
outl_loglike[308]   3.88  5.6e-3   0.75   2.06   3.68   4.03   4.29   4.77  17974    1.0
outl_loglike[309]   3.89  4.5e-3   0.67    2.2   3.67   4.02   4.29   4.77  22074    1.0
outl_loglike[310]   3.77  9.5e-3   1.12   1.56   3.61   3.99   4.26   4.74  14073    1.0
outl_loglike[311]   3.63    0.01   1.13   1.41   3.47   3.85   4.13   4.63  12628    1.0
outl_loglike[312]   4.14  1.8e-3   0.32   3.55   3.93   4.13   4.34   4.79  30272    1.0
outl_loglike[313]   3.53    0.02   1.83   0.61   3.45   3.88   4.16   4.65  12230    1.0
outl_loglike[314]   3.12  6.1e-3   1.15   0.23   2.64   3.37   3.89   4.55  36016    1.0
outl_loglike[315]   3.65  2.1e-3   0.38   2.89    3.4   3.65    3.9   4.39  34246    1.0
outl_loglike[316]   3.39  7.2e-3   0.86   1.42   3.19   3.55   3.82   4.32  14127    1.0
outl_loglike[317]   4.14  2.4e-3   0.38   3.31   3.93   4.16   4.38   4.83  23929    1.0
outl_loglike[318]   3.84  7.3e-3   0.89   1.92   3.65    4.0   4.27   4.74  14735    1.0
outl_loglike[319]   4.25  1.8e-3    0.3   3.71   4.04   4.23   4.44   4.87  26261    1.0
outl_loglike[320]   3.39  7.6e-3   0.93   1.36   3.21   3.57   3.84   4.34  14992    1.0
outl_loglike[321]    3.4  7.6e-3   0.88   1.43   3.21   3.57   3.84   4.34  13150    1.0
outl_loglike[322]   3.84  7.1e-3    0.9    1.9   3.66   4.01   4.28   4.76  16116    1.0
outl_loglike[323]    3.3  5.7e-3   0.72   1.52   3.09   3.43    3.7    4.2  15597    1.0
outl_loglike[324]   3.65    0.01   1.28   1.23   3.52    3.9   4.17   4.66  12766    1.0
outl_loglike[325]   2.63  4.8e-3   0.98   0.31    2.1   2.77   3.32   4.14  41641    1.0
outl_loglike[326]   3.84  6.9e-3   0.86   1.97   3.66   4.01   4.27   4.75  15882    1.0
outl_loglike[327]   4.01  3.5e-3   0.53   2.71   3.81   4.08   4.33    4.8  22576    1.0
outl_loglike[328]   3.48  7.1e-3   1.12   0.66   3.14   3.78   4.15   4.69  25238    1.0
outl_loglike[329]   3.83  7.4e-3   0.89   1.96   3.64    4.0   4.27   4.75  14520    1.0
outl_loglike[330]   3.89  6.1e-3   0.75    2.1    3.7   4.04    4.3   4.77  14913    1.0
outl_loglike[331]   3.77  9.5e-3   1.09    1.6    3.6   3.98   4.25   4.73  13057    1.0
outl_loglike[332]   3.55    0.01    1.6   0.85   3.45   3.86   4.14   4.64  14878    1.0
outl_loglike[333]   3.84  3.3e-3   0.61   2.33   3.56   3.95   4.23   4.73  34768    1.0
outl_loglike[334]   3.97  4.2e-3   0.58   2.49   3.76   4.06   4.31   4.78  18920    1.0
outl_loglike[335]   3.78  4.1e-3   0.73   1.92   3.51   3.94   4.23   4.74  31944    1.0
outl_loglike[336]   3.23  6.7e-3   0.79   1.39   3.03   3.37   3.64   4.14  13644    1.0
outl_loglike[337]   3.68    0.01   1.42   1.03   3.55   3.97   4.25   4.74  12732    1.0
outl_loglike[338]   3.75  7.0e-3   0.96   1.45   3.55   3.97   4.26   4.75  18575    1.0
outl_loglike[339]   3.93  2.9e-3   0.53    2.6    3.7   4.01   4.27   4.74  33405    1.0
outl_loglike[340]   3.77  9.4e-3   1.08   1.68    3.6   3.97   4.24   4.73  13041    1.0
outl_loglike[341]    3.9  4.3e-3   0.66   2.22    3.7   4.03   4.29   4.77  23698    1.0
outl_loglike[342]   3.78  8.4e-3   1.08   1.64   3.61   3.98   4.26   4.75  16666    1.0
outl_loglike[343]   3.71  3.5e-3   0.67   2.06   3.39   3.84   4.16   4.68  36119    1.0
outl_loglike[344]   3.81  9.0e-3   1.01   1.76   3.65   4.01   4.27   4.76  12767    1.0
outl_loglike[345]   3.95  3.1e-3   0.54   2.63   3.72   4.04    4.3   4.78  29711    1.0
outl_loglike[346]    3.4  8.6e-3   0.92   1.39   3.22   3.57   3.84   4.34  11500    1.0
outl_loglike[347]    3.0  4.8e-3   0.65   1.36   2.78   3.11   3.38   3.87  18934    1.0
outl_loglike[348]   3.85  3.8e-3   0.66   2.18    3.6   3.99   4.26   4.75  30493    1.0
outl_loglike[349]   3.41  7.5e-3   0.91   1.37   3.23   3.58   3.86   4.36  14818    1.0
outl_loglike[350]    3.7  6.6e-3   0.98   1.31   3.45   3.93   4.24   4.74  21878    1.0
outl_loglike[351]   3.37  3.1e-3   0.65   1.91   2.99   3.44   3.82   4.44  43603    1.0
outl_loglike[352]   3.87  6.9e-3   0.82   2.02   3.67   4.02   4.29   4.77  14261    1.0
outl_loglike[353]   3.68  9.9e-3    1.2    1.4   3.53   3.91   4.18   4.66  14570    1.0
outl_loglike[354]   3.86  6.4e-3   0.81   1.93   3.67   4.02   4.29   4.76  16264    1.0
outl_loglike[355]   3.45  8.3e-3   0.98   1.36   3.27   3.64   3.92   4.41  13939    1.0
outl_loglike[356]   3.85  5.2e-3    0.8   1.97   3.66   4.01   4.28   4.76  23260    1.0
outl_loglike[357]   4.17  1.8e-3   0.31   3.57   3.97   4.17   4.38   4.81  31638    1.0
outl_loglike[358]   3.87  6.2e-3   0.77   2.01   3.67   4.02   4.28   4.76  15393    1.0
outl_loglike[359]   3.87  5.8e-3   0.78   2.11   3.68   4.02   4.28   4.76  18298    1.0
outl_loglike[360]   3.78  9.6e-3   1.06   1.65   3.62   3.99   4.26   4.73  12224    1.0
outl_loglike[361]   3.62    0.01   1.15   1.42   3.47   3.84   4.11   4.59  11933    1.0
outl_loglike[362]   3.83  5.6e-3   0.79   1.88   3.62    4.0   4.27   4.76  19797    1.0
outl_loglike[363]   3.75  8.9e-3   1.13   1.51   3.59   3.98   4.25   4.73  16212    1.0
outl_loglike[364]    3.6    0.01   1.62   1.07   3.49   3.89   4.17   4.67  12403    1.0
outl_loglike[365]   3.63    0.01    1.2   1.42   3.47   3.86   4.13   4.62  13684    1.0
outl_loglike[366]    3.9  4.9e-3   0.68   2.23    3.7   4.03   4.29   4.77  19321    1.0
outl_loglike[367]   4.02  3.4e-3   0.51   2.74   3.81   4.08   4.33   4.78  22927    1.0
outl_loglike[368]   3.82  7.5e-3   0.93   1.83   3.64    4.0   4.27   4.75  15442    1.0
outl_loglike[369]   3.68  7.6e-3   0.93   1.68    3.5   3.85   4.12   4.61  14848    1.0
outl_loglike[370]   3.98  4.5e-3   0.57   2.61   3.78   4.07   4.32   4.78  15875    1.0
outl_loglike[371]   3.94  5.1e-3   0.64   2.36   3.74   4.05   4.31   4.78  15787    1.0
outl_loglike[372]   3.55    0.01   1.46   0.26   3.36    3.9   4.22   4.73  18982    1.0
outl_loglike[373]   4.07  2.1e-3   0.38   3.25   3.84   4.09   4.32   4.79  32320    1.0
outl_loglike[374]    3.8  9.0e-3   1.01   1.74   3.63   3.99   4.26   4.74  12712    1.0
outl_loglike[375]    3.9  5.3e-3   0.73   2.13    3.7   4.03    4.3   4.77  18979    1.0
outl_loglike[376]   3.86  6.6e-3   0.82   2.01   3.68   4.02   4.28   4.76  15522    1.0
outl_loglike[377]   2.13  4.6e-3   0.89   0.14   1.59   2.21   2.75   3.63  38381    1.0
outl_loglike[378]   3.58  3.0e-3   0.59   2.25   3.24   3.64   3.99   4.58  39447    1.0
outl_loglike[379]   3.86  5.7e-3   0.76   2.03   3.66   4.01   4.28   4.76  17445    1.0
outl_loglike[380]   3.91  5.2e-3   0.69   2.24   3.72   4.04    4.3   4.77  17865    1.0
outl_loglike[381]   3.97  3.9e-3   0.57   2.49   3.76   4.06   4.31   4.78  21021    1.0
outl_loglike[382]   3.56    0.01   1.39   1.13   3.43   3.82   4.09   4.58  11259    1.0
outl_loglike[383]   4.23  1.9e-3    0.3   3.68   4.03   4.22   4.43   4.86  26492    1.0
outl_loglike[384]   3.65  9.8e-3   1.26   0.97   3.47   3.94   4.24   4.74  16425    1.0
outl_loglike[385]   3.98  3.7e-3   0.55   2.61   3.78   4.07   4.31   4.78  21801    1.0
outl_loglike[386]   4.05  2.3e-3   0.41   3.12   3.83   4.08   4.32   4.78  32729    1.0
outl_loglike[387]   4.19  1.9e-3   0.32    3.6   3.98   4.18    4.4   4.84  28350    1.0
outl_loglike[388]   3.34  2.7e-3   0.55   2.13   3.01   3.38   3.72   4.29  40155    1.0
outl_loglike[389]   3.78  9.2e-3   1.09   1.61   3.61   3.99   4.26   4.74  13861    1.0
outl_loglike[390]   4.23  1.8e-3   0.31   3.66   4.02   4.22   4.42   4.86  27977    1.0
outl_loglike[391]   4.25  1.8e-3   0.29   3.73   4.05   4.23   4.44   4.87  27473    1.0
outl_loglike[392]   3.56    0.02    1.7   0.94   3.47   3.88   4.16   4.64  11494    1.0
outl_loglike[393]   4.02  3.5e-3   0.51   2.75   3.81   4.09   4.33   4.79  20975    1.0
outl_loglike[394]    3.2  5.1e-3   0.63   1.64   2.99    3.3   3.57   4.07  15347    1.0
outl_loglike[395]   3.82  7.2e-3   0.93   1.83   3.64    4.0   4.27   4.74  16882    1.0
outl_loglike[396]   3.97  4.1e-3   0.59   2.49   3.76   4.06   4.31   4.79  20196    1.0
outl_loglike[397]   3.85  5.6e-3    0.8   1.93   3.65   4.01   4.28   4.76  19981    1.0
outl_loglike[398]   3.53  9.2e-3    1.4   0.29    3.3   3.89   4.22   4.72  23282    1.0
outl_loglike[399]   4.23  1.9e-3   0.31   3.67   4.02   4.22   4.43   4.86  25147    1.0
outl_loglike[400]   3.97  2.6e-3   0.48   2.83   3.73   4.03   4.28   4.76  33742    1.0
outl_loglike[401]   3.09    0.02   2.36  -3.64   2.95   3.75   4.15   4.69  16022    1.0
outl_loglike[402]   4.02  3.6e-3   0.51   2.73    3.8   4.08   4.33    4.8  19680    1.0
outl_loglike[403]   3.86  5.7e-3   0.79   1.95   3.66   4.02   4.28   4.76  19064    1.0
outl_loglike[404]   4.05  3.1e-3   0.47    2.9   3.84    4.1   4.34    4.8  22580    1.0
outl_loglike[405]    3.3  8.0e-3   0.95   1.11   3.12   3.48   3.76   4.27  13891    1.0
outl_loglike[406]   4.05  2.0e-3   0.38   3.25   3.81   4.06    4.3   4.77  34896    1.0
outl_loglike[407]   4.27  1.8e-3   0.29   3.77   4.07   4.26   4.46   4.89  26850    1.0
outl_loglike[408]   3.78  2.5e-3   0.49   2.68    3.5   3.83   4.11   4.62  38824    1.0
outl_loglike[409]   3.69    0.01   1.24   1.47   3.54   3.93    4.2   4.68  12258    1.0
outl_loglike[410]   4.26  1.8e-3   0.29   3.74   4.05   4.24   4.44   4.88  26430    1.0
outl_loglike[411]   4.02  3.8e-3   0.51   2.76   3.81   4.09   4.33   4.79  17950    1.0
outl_loglike[412]    3.6    0.01   1.41   1.15   3.47   3.87   4.14   4.63  14060    1.0
outl_loglike[413]   3.53    0.01    1.2   1.23   3.38   3.77   4.05   4.54  12239    1.0
outl_loglike[414]    3.9  4.9e-3   0.69   2.22   3.69   4.03   4.29   4.77  19991    1.0
outl_loglike[415]   3.85  6.0e-3   0.81   1.91   3.66   4.01   4.27   4.76  18321    1.0
outl_loglike[416]   4.02  3.2e-3   0.49   2.79    3.8   4.08   4.33   4.78  24362    1.0
outl_loglike[417]   3.64    0.01   1.44   1.19   3.53   3.91   4.19   4.67  12076    1.0
outl_loglike[418]    3.4  9.8e-3   1.16   1.12   3.24   3.63    3.9   4.41  14229    1.0
outl_loglike[419]   3.62    0.01   1.45   1.03    3.5   3.91   4.19   4.68  14036    1.0
outl_loglike[420]   3.44  8.8e-3   1.01   1.34   3.27   3.64   3.91    4.4  13191    1.0
outl_loglike[421]   1.43  6.0e-3   1.21   -1.4   0.76   1.59   2.28   3.35  40887    1.0
outl_loglike[422]    4.0  2.5e-3   0.46   2.91   3.76   4.05   4.29   4.76  33056    1.0
outl_loglike[423]   3.98  2.7e-3   0.48   2.82   3.74   4.03   4.29   4.76  32728    1.0
outl_loglike[424]   4.06  3.1e-3   0.45   3.01   3.85   4.11   4.34   4.79  20853    1.0
outl_loglike[425]   3.41    0.01   1.23   1.04   3.26   3.65   3.93   4.43  13712    1.0
outl_loglike[426]   3.68  9.9e-3   1.22   1.43   3.53   3.92   4.19   4.68  15170    1.0
outl_loglike[427]   3.97  3.1e-3   0.53   2.67   3.74   4.05   4.31   4.78  29866    1.0
outl_loglike[428]   3.78  7.7e-3   0.98   1.71   3.61   3.97   4.24   4.72  16136    1.0
outl_loglike[429]    3.9  5.8e-3   0.73   2.16    3.7   4.04   4.29   4.77  15559    1.0
outl_loglike[430]   3.25    0.02   2.06  -2.06    3.1   3.79   4.15   4.68  16702    1.0
outl_loglike[431]    3.6    0.01    1.3   1.44   3.45   3.83   4.11    4.6  13444    1.0
outl_loglike[432]    3.8  8.5e-3   1.04   1.69   3.63    4.0   4.27   4.75  14930    1.0
outl_loglike[433]   3.96  3.6e-3   0.56   2.56   3.74   4.06   4.31   4.78  24020    1.0
outl_loglike[434]   3.24  5.9e-3   0.72   1.55   3.04   3.37   3.63   4.12  15239    1.0
outl_loglike[435]   3.87  6.4e-3   0.79    2.1   3.68   4.02   4.28   4.76  15065    1.0
outl_loglike[436]   4.09  2.9e-3   0.43   3.08   3.88   4.12   4.35   4.81  21360    1.0
outl_loglike[437]    4.2  2.2e-3   0.33   3.54   3.99    4.2   4.41   4.85  22705    1.0
outl_loglike[438]   3.91  4.7e-3   0.68   2.21   3.71   4.04   4.29   4.77  20628    1.0
outl_loglike[439]   3.69    0.01   1.42   1.33   3.56   3.96   4.23   4.72  13489    1.0
outl_loglike[440]    3.4    0.01    1.4    0.8   3.26   3.67   3.96   4.45  12196    1.0
outl_loglike[441]   3.78  9.5e-3    1.1   1.55   3.61    4.0   4.27   4.75  13304    1.0
outl_loglike[442]   4.21  2.0e-3   0.32    3.6    4.0    4.2   4.41   4.85  25682    1.0
outl_loglike[443]   3.93  5.3e-3   0.67   2.28   3.73   4.05    4.3   4.77  16161    1.0
outl_loglike[444]    3.7    0.01    1.2   1.49   3.53   3.92    4.2   4.69  11694    1.0
outl_loglike[445]    3.5    0.01   1.28   1.12   3.35   3.75   4.03   4.52  11980    1.0
outl_loglike[446]   3.59  9.6e-3   1.06   1.42   3.42    3.8   4.07   4.56  12163    1.0
outl_loglike[447]    3.4    0.01    1.2   1.06   3.25   3.64   3.91   4.41  14055    1.0
outl_loglike[448]   3.96  4.8e-3   0.61   2.45   3.75   4.06   4.31   4.79  15773    1.0
outl_loglike[449]    4.0  3.9e-3   0.54   2.67   3.79   4.08   4.32   4.79  19295    1.0
outl_loglike[450]   2.46  6.6e-3   1.12  -0.52   2.09   2.76   3.16   3.73  28654    1.0
outl_loglike[451]   3.71    0.01   1.37   1.25   3.57   3.98   4.26   4.75  15350    1.0
outl_loglike[452]    3.8  8.3e-3   0.99   1.74   3.63    4.0   4.27   4.75  14293    1.0
outl_loglike[453]   3.84  4.4e-3   0.73   1.99    3.6   3.99   4.27   4.76  27698    1.0
outl_loglike[454]   3.55    0.01   1.62   0.79   3.46   3.88   4.15   4.65  13922    1.0
outl_loglike[455]   3.91  5.3e-3   0.66   2.29   3.71   4.03   4.28   4.76  15881    1.0
outl_loglike[456]   3.81  8.6e-3   0.98    1.8   3.64    4.0   4.27   4.75  13156    1.0
outl_loglike[457]   3.34  7.4e-3   0.86   1.38   3.15    3.5   3.77   4.27  13337    1.0
outl_loglike[458]   2.38  4.2e-3   0.84   0.49   1.88   2.47   2.97    3.8  41231    1.0
outl_loglike[459]   4.01  4.1e-3   0.53   2.69    3.8   4.08   4.33   4.79  16486    1.0
outl_loglike[460]   3.29    0.01   1.42   0.58   3.17   3.58   3.86   4.36  13102    1.0
outl_loglike[461]   3.72    0.01   1.33    1.4   3.58   3.98   4.25   4.74  11979    1.0
outl_loglike[462]   3.18  4.7e-3   0.97   0.81   2.71   3.37   3.86   4.51  42709    1.0
outl_loglike[463]    4.0  2.3e-3   0.42   3.07   3.75   4.03   4.28   4.77  32902    1.0
outl_loglike[464]   3.72  8.5e-3   1.16   1.29   3.55   3.97   4.25   4.74  18534    1.0
outl_loglike[465]   3.72    0.01   1.21   1.48   3.57   3.96   4.23   4.71  12811    1.0
outl_loglike[466]   3.71    0.01   1.26   1.39   3.56   3.95   4.22    4.7  12751    1.0
outl_loglike[467]   3.82  7.5e-3   0.92   1.76   3.64   4.01   4.28   4.76  15172    1.0
outl_loglike[468]    3.2  5.9e-3   0.78   1.34    3.0   3.35   3.62   4.13  17376    1.0
outl_loglike[469]   3.71  9.7e-3   1.23   1.14   3.54   3.97   4.26   4.75  16134    1.0
outl_loglike[470]   4.27  1.8e-3   0.29   3.76   4.07   4.25   4.45   4.89  26701    1.0
outl_loglike[471]    3.8  3.3e-3   0.63   2.23   3.51   3.92   4.21   4.71  36174    1.0
outl_loglike[472]   3.58    0.02   1.86   0.42   3.52   3.95   4.23   4.71  11754    1.0
outl_loglike[473]   3.76  6.1e-3   0.91   1.53   3.54   3.97   4.25   4.75  22242    1.0
outl_loglike[474]   3.73    0.01   1.18   1.52   3.57   3.96   4.23   4.72  13729    1.0
outl_loglike[475]   3.89  5.4e-3   0.72   2.12   3.69   4.03   4.29   4.77  17349    1.0
outl_loglike[476]   3.41  8.3e-3   0.93   1.42   3.23   3.59   3.86   4.35  12649    1.0
outl_loglike[477]   3.42    0.01   1.49   0.64   3.32   3.72    4.0    4.5  13381    1.0
outl_loglike[478]   3.85  7.5e-3   0.91   1.99   3.66   4.01   4.28   4.76  14611    1.0
outl_loglike[479]   3.81  7.8e-3   0.94   1.86   3.63   3.99   4.25   4.73  14424    1.0
outl_loglike[480]   4.06  3.1e-3   0.46   2.93   3.84   4.11   4.34   4.81  22212    1.0
outl_loglike[481]   3.39  8.3e-3   0.97   1.35   3.21   3.56   3.84   4.33  13551    1.0
outl_loglike[482]   3.84  6.6e-3   0.89   1.91   3.66   4.02   4.28   4.76  18287    1.0
outl_loglike[483]   3.77  9.3e-3   1.12   1.55    3.6   3.99   4.27   4.75  14525    1.0
outl_loglike[484]   3.73    0.01   1.23   1.59   3.57   3.95   4.22    4.7  11634    1.0
outl_loglike[485]   3.68    0.01   1.31   1.35   3.55   3.93   4.21   4.69  13664    1.0
outl_loglike[486]   3.42    0.01   1.27   1.14   3.27   3.66   3.94   4.44  15341    1.0
outl_loglike[487]   4.24  1.8e-3    0.3   3.69   4.03   4.23   4.44   4.87  26879    1.0
outl_loglike[488]   3.92  5.3e-3   0.68   2.32   3.73   4.04   4.29   4.76  16855    1.0
outl_loglike[489]   4.11  2.7e-3   0.41   3.17    3.9   4.14   4.37   4.81  22625    1.0
outl_loglike[490]   4.17  2.1e-3   0.34   3.48   3.96   4.18    4.4   4.84  26916    1.0
outl_loglike[491]   3.61    0.01    1.4   1.23   3.47   3.87   4.15   4.65  11849    1.0
outl_loglike[492]    3.7    0.01   1.37   1.27   3.57   3.97   4.25   4.73  13439    1.0
outl_loglike[493]   3.89  2.4e-3   0.44   2.93   3.63   3.92   4.19   4.69  35630    1.0
outl_loglike[494]    3.4  2.4e-3    0.5   2.37   3.09   3.41   3.73   4.32  42584    1.0
outl_loglike[495]   3.44  8.5e-3   1.09   1.14   3.28   3.67   3.94   4.43  16306    1.0
outl_loglike[496]   4.02  3.6e-3   0.51   2.75    3.8   4.09   4.33    4.8  20123    1.0
outl_loglike[497]   3.47  2.7e-3   0.51   2.41   3.14   3.49   3.81   4.41  36687    1.0
outl_loglike[498]   3.35  7.2e-3   0.95   1.27   3.16   3.53   3.81    4.3  17601    1.0
outl_loglike[499]   3.73    0.01    1.2   1.54   3.58   3.96   4.23   4.72  13955    1.0
outl_loglike[500]   3.86  6.1e-3   0.82   1.95   3.67   4.02   4.28   4.77  17937    1.0
outl_loglike[501]   3.56    0.01   1.18   1.19   3.41    3.8   4.07   4.57  13416    1.0
outl_loglike[502]   3.83  7.7e-3   0.93    1.9   3.65   4.01   4.27   4.75  14302    1.0
outl_loglike[503]   3.39  7.9e-3   0.91   1.27   3.22   3.57   3.85   4.34  13241    1.0
outl_loglike[504]   3.73  6.7e-3   0.99   1.37   3.51   3.96   4.25   4.75  21793    1.0
outl_loglike[505]   4.05  3.4e-3   0.46   2.93   3.84    4.1   4.34    4.8  18831    1.0
outl_loglike[506]   1.46    0.02    3.8  -9.92    1.0   2.83   3.72   4.52  27145    1.0
outl_loglike[507]   3.29    0.02    2.8  -2.93   3.38    3.9    4.2   4.71  12587    1.0
outl_loglike[508]  -3.55  9.2e-3   1.42  -6.59  -4.43  -3.45  -2.55  -1.04  23851    1.0
outl_loglike[509]   3.76  8.5e-3   1.03   1.63   3.59   3.97   4.24   4.73  14543    1.0
outl_loglike[510]   3.54  9.0e-3   1.36   0.31   3.34   3.89   4.21   4.73  22740    1.0
outl_loglike[511]   3.83  7.3e-3   0.93    1.8   3.66   4.02   4.28   4.76  16278    1.0
outl_loglike[512]   4.04  3.4e-3   0.48   2.88   3.83    4.1   4.34    4.8  19804    1.0
outl_loglike[513]   3.77  7.0e-3   0.94   1.55   3.56   3.98   4.25   4.75  18239    1.0
outl_loglike[514]   3.28  5.8e-3    0.7   1.64   3.07    3.4   3.66   4.16  14515    1.0
outl_loglike[515]   3.94  4.2e-3   0.64   2.35   3.73   4.05    4.3   4.77  22984    1.0
outl_loglike[516]   3.91  5.1e-3   0.67   2.27   3.71   4.04   4.29   4.77  16861    1.0
outl_loglike[517]   4.11  2.1e-3   0.37    3.3    3.9   4.13   4.35    4.8  30809    1.0
outl_loglike[518]   4.09  3.0e-3   0.42   3.09   3.88   4.13   4.36   4.81  20526    1.0
outl_loglike[519]   4.24  1.9e-3    0.3    3.7   4.03   4.23   4.43   4.87  25737    1.0
outl_loglike[520]   3.52    0.01    1.1   1.32   3.35   3.73    4.0   4.49  12007    1.0
outl_loglike[521]   4.03  3.6e-3   0.49   2.83   3.83    4.1   4.34    4.8  18978    1.0
outl_loglike[522]   3.96  4.3e-3    0.6   2.41   3.76   4.06   4.31   4.79  19593    1.0
outl_loglike[523]   3.76    0.01   1.17   1.58    3.6   3.98   4.25   4.74  12329    1.0
outl_loglike[524]   3.74    0.01   1.23   1.54    3.6   3.97   4.24   4.72  14419    1.0
outl_loglike[525]   3.78  2.6e-3   0.48   2.76   3.48   3.81    4.1   4.64  32673    1.0
outl_loglike[526]   3.44  9.0e-3   1.07   1.31   3.26   3.63   3.92   4.41  14056    1.0
outl_loglike[527]   3.88  5.7e-3   0.75   2.08   3.68   4.02   4.28   4.76  17374    1.0
outl_loglike[528]   3.59    0.01   1.71   0.91    3.5   3.92    4.2   4.69  14378    1.0
outl_loglike[529]    4.2  2.0e-3   0.33   3.55   3.99   4.19   4.41   4.85  25777    1.0
outl_loglike[530]   3.61    0.01   1.37   1.19   3.47   3.86   4.14   4.62  12781    1.0
outl_loglike[531]    3.8  8.3e-3   1.01   1.75   3.63    4.0   4.27   4.75  15062    1.0
outl_loglike[532]   3.76  5.6e-3   0.88   1.59   3.52   3.96   4.25   4.74  24546    1.0
outl_loglike[533]   3.66    0.01   1.47   1.07   3.54   3.96   4.24   4.73  14610    1.0
outl_loglike[534]   3.09  7.2e-3   1.03   0.65    2.9   3.32   3.61   4.11  20470    1.0
outl_loglike[535]   3.43    0.01   1.21   1.07   3.29   3.67   3.95   4.44   9921    1.0
outl_loglike[536]    3.2  5.2e-3   0.61   1.65   2.99    3.3   3.56   4.05  14182    1.0
outl_loglike[537]   3.62    0.01    1.6   0.73   3.52   3.95   4.23   4.72  15527    1.0
outl_loglike[538]    1.5    0.02   2.99   -7.1   0.75   2.46   3.42   4.39  29490    1.0
outl_loglike[539]   3.61    0.01   1.27   1.34   3.46   3.84   4.12   4.61  12961    1.0
outl_loglike[540]   4.07  2.3e-3    0.4   3.17   3.85    4.1   4.33   4.79  31928    1.0
outl_loglike[541]   3.76  8.9e-3   1.11    1.6    3.6   3.98   4.25   4.74  15584    1.0
outl_loglike[542]   3.67  3.4e-3   0.66   2.08   3.32   3.78   4.13   4.67  37636    1.0
outl_loglike[543]   3.99  2.2e-3   0.39   3.19   3.75   4.01   4.25   4.74  32277    1.0
outl_loglike[544]   3.97  4.1e-3   0.58   2.53   3.76   4.06   4.31   4.77  19873    1.0
outl_loglike[545]   3.48    0.01   1.25    1.1   3.34   3.72    4.0    4.5  11555    1.0
outl_loglike[546]   3.84  7.6e-3    0.9   1.97   3.65   4.01   4.27   4.75  13933    1.0
outl_loglike[547]   3.71  6.1e-3   0.96   1.36   3.47   3.94   4.24   4.74  24814    1.0
outl_loglike[548]   3.06  5.2e-3   1.05   0.47   2.55   3.27    3.8   4.49  41324    1.0
outl_loglike[549]   4.06  3.5e-3   0.48   2.91   3.85   4.11   4.34   4.81  18453    1.0
outl_loglike[550]   3.89  5.5e-3   0.75   2.12   3.69   4.03   4.29   4.77  18378    1.0
outl_loglike[551]    3.7    0.01   1.17   1.49   3.54   3.93    4.2   4.69  12002    1.0
outl_loglike[552]   3.73    0.01   1.32   1.42    3.6   3.98   4.25   4.74  14015    1.0
outl_loglike[553]   4.11  2.9e-3   0.41   3.17    3.9   4.14   4.37   4.82  19934    1.0
outl_loglike[554]   3.86  6.2e-3   0.81   1.96   3.66   4.02   4.28   4.77  17162    1.0
outl_loglike[555]   4.27  1.8e-3   0.29   3.76   4.07   4.25   4.45   4.89  26335    1.0
outl_loglike[556]   3.89  5.8e-3   0.75    2.1    3.7   4.03    4.3   4.77  16628    1.0
outl_loglike[557]   3.96  4.5e-3    0.6   2.47   3.75   4.06   4.31   4.78  17987    1.0
outl_loglike[558]   3.71  8.7e-3   1.04    1.6   3.53   3.91   4.18   4.66  14292    1.0
outl_loglike[559]   4.12  2.9e-3   0.39   3.22   3.92   4.15   4.37   4.82  19119    1.0
outl_loglike[560]   4.08  2.3e-3   0.38   3.27   3.84   4.09   4.33   4.79  27935    1.0
outl_loglike[561]   3.66    0.01   1.26   1.26   3.51    3.9   4.18   4.67  14227    1.0
outl_loglike[562]   3.53    0.02   1.87   0.48   3.47   3.89   4.18   4.67  12498    1.0
outl_loglike[563]   3.68  9.4e-3   1.29   1.09   3.52   3.96   4.25   4.74  18833    1.0
outl_loglike[564]   3.67  9.9e-3   1.21   1.41   3.53    3.9   4.18   4.66  14835    1.0
outl_loglike[565]   3.99  4.3e-3   0.56   2.61   3.78   4.08   4.32   4.79  17057    1.0
outl_loglike[566]   4.22  1.9e-3   0.31   3.65   4.02   4.21   4.42   4.86  26093    1.0
outl_loglike[567]   3.67    0.01   1.46   1.24   3.55   3.94   4.22   4.72  11664    1.0
outl_loglike[568]   3.89  6.1e-3   0.74   2.16   3.69   4.03   4.29   4.77  14513    1.0
outl_loglike[569]   4.05  2.8e-3   0.46   2.97   3.83    4.1   4.33    4.8  26676    1.0
outl_loglike[570]   4.02  2.6e-3   0.45   2.95   3.78   4.06   4.31   4.78  31310    1.0
outl_loglike[571]   3.83  8.0e-3    0.9   1.83   3.65    4.0   4.27   4.75  12764    1.0
outl_loglike[572]   3.79  8.7e-3   1.01   1.67   3.62   3.99   4.26   4.75  13359    1.0
outl_loglike[573]   3.52    0.01   1.24    1.1   3.38   3.77   4.05   4.54  12688    1.0
outl_loglike[574]   4.11  1.9e-3   0.34   3.44   3.89   4.11   4.33   4.78  32960    1.0
outl_loglike[575]   4.07  3.3e-3   0.46   2.98   3.86   4.12   4.35   4.81  19218    1.0
outl_loglike[576]   3.98  4.0e-3   0.56   2.58   3.78   4.07   4.32   4.79  19403    1.0
outl_loglike[577]   3.56    0.01   1.21   1.26    3.4   3.79   4.07   4.56  13615    1.0
outl_loglike[578]   3.59    0.02   1.75   0.86    3.5   3.92   4.19   4.68  12994    1.0
outl_loglike[579]   3.87  6.1e-3   0.79   2.06   3.67   4.02   4.28   4.77  16603    1.0
outl_loglike[580]   3.99  3.8e-3   0.52   2.68   3.78   4.07   4.31   4.78  18884    1.0
outl_loglike[581]   3.62    0.01   1.36   1.27   3.49   3.87   4.15   4.64  11652    1.0
outl_loglike[582]   3.69    0.01   1.39   1.01   3.55   3.97   4.26   4.74  13072    1.0
outl_loglike[583]   3.64  2.8e-3   0.55   2.39   3.33    3.7   4.02   4.58  39410    1.0
outl_loglike[584]   3.74  2.2e-3   0.43   2.83   3.46   3.75   4.03   4.55  39455    1.0
outl_loglike[585]   2.33  7.5e-3   1.41   -1.3    1.7    2.6   3.29   4.22  35564    1.0
outl_loglike[586]   3.65    0.01   1.51   1.05   3.53   3.95   4.23   4.72  13126    1.0
outl_loglike[587]   3.78  8.9e-3    1.0   1.74   3.61   3.98   4.25   4.72  12518    1.0
outl_loglike[588]   3.91  4.8e-3   0.68   2.22   3.71   4.04    4.3   4.77  19985    1.0
outl_loglike[589]   3.52    0.01   1.16   1.35   3.35   3.74   4.02    4.5  12295    1.0
outl_loglike[590]   4.08  3.1e-3   0.44   3.04   3.87   4.12   4.35   4.81  20495    1.0
outl_loglike[591]   4.01  1.9e-3   0.36   3.29   3.78   4.01   4.24    4.7  35466    1.0
outl_loglike[592]    3.0  8.1e-3   1.13   0.31   2.81   3.26   3.57   4.08  19586    1.0
outl_loglike[593]   3.68    0.01   1.36   1.34   3.55   3.93    4.2   4.69   9704    1.0
outl_loglike[594]   3.93  4.6e-3   0.65   2.33   3.73   4.05    4.3   4.78  19324    1.0
outl_loglike[595]   4.23  1.8e-3    0.3   3.69   4.03   4.22   4.43   4.86  27418    1.0
outl_loglike[596]   3.88  4.8e-3   0.71   2.13   3.68   4.02   4.28   4.76  21815    1.0
outl_loglike[597]    3.9  3.2e-3   0.56   2.48   3.65   3.99   4.26   4.74  31835    1.0
outl_loglike[598]   3.97  3.9e-3   0.58    2.5   3.77   4.07   4.31   4.78  21869    1.0
outl_loglike[599]   2.37  3.2e-3   0.63   1.03   1.98    2.4    2.8   3.49  37303    1.0
outl_loglike[600]   3.93  4.6e-3   0.65   2.34   3.73   4.04    4.3   4.77  20092    1.0
outl_loglike[601]   3.65  6.6e-3    1.0   1.14   3.39   3.91   4.22   4.72  22948    1.0
outl_loglike[602]   4.05  2.3e-3   0.41   3.12   3.82   4.08   4.32   4.79  31721    1.0
outl_loglike[603]   2.79  4.6e-3   0.89   0.74   2.28    2.9   3.42   4.21  37045    1.0
outl_loglike[604]   4.15  2.0e-3   0.35   3.44   3.94   4.16   4.37   4.83  28929    1.0
outl_loglike[605]   4.06  2.9e-3   0.45    3.0   3.85   4.11   4.34   4.79  24053    1.0
outl_loglike[606]   3.68  3.5e-3   0.68   2.03   3.33    3.8   4.14   4.69  37116    1.0
outl_loglike[607]   3.47  4.0e-3   0.73   1.73   3.09   3.59   3.97   4.53  32129    1.0
outl_loglike[608]   4.25  1.8e-3    0.3   3.72   4.05   4.23   4.44   4.88  25998    1.0
outl_loglike[609]   4.04  2.5e-3   0.44   2.99   3.81   4.08   4.32   4.79  31548    1.0
outl_loglike[610]    2.2  9.5e-3    1.7  -2.36   1.52   2.58   3.34   4.28  31866    1.0
outl_loglike[611]   2.95  6.3e-3   1.22  -0.13   2.42    3.2   3.78    4.5  37909    1.0
outl_loglike[612]   4.19  2.1e-3   0.33   3.52   3.98   4.19    4.4   4.84  26274    1.0
outl_loglike[613]   3.68  2.5e-3    0.5   2.56   3.39   3.73   4.03   4.54  40704    1.0
outl_loglike[614]   4.21  2.0e-3   0.32   3.59    4.0   4.21   4.42   4.86  26345    1.0
outl_loglike[615]   3.96  3.4e-3   0.54    2.6   3.72   4.04    4.3   4.78  25887    1.0
outl_loglike[616]   4.19  2.1e-3   0.33   3.53   3.98   4.19    4.4   4.84  25835    1.0
outl_loglike[617]   4.03  3.5e-3   0.49   2.82   3.82   4.09   4.33   4.79  19788    1.0
outl_loglike[618]   3.76  2.4e-3   0.48   2.72   3.47   3.79   4.08    4.6  39968    1.0
outl_loglike[619]   3.63  2.7e-3   0.53   2.48   3.31   3.66   3.98   4.56  38361    1.0
outl_loglike[620]   3.96  4.3e-3   0.58   2.53   3.74   4.05    4.3   4.77  18308    1.0
outl_loglike[621]   4.09  2.5e-3   0.42   3.12   3.87   4.12   4.36   4.82  27602    1.0
outl_loglike[622]   3.99  2.3e-3   0.43   3.03   3.75   4.03   4.28   4.75  33961    1.0
outl_loglike[623]   4.23  1.9e-3   0.31   3.67   4.03   4.22   4.43   4.86  24567    1.0
outl_loglike[624]   4.19  2.2e-3   0.33   3.54   3.98   4.19    4.4   4.85  23277    1.0
outl_loglike[625]   3.48  2.8e-3   0.55   2.28   3.14   3.51   3.86   4.45  39865    1.0
outl_loglike[626]   3.52  3.1e-3   0.64   2.06   3.17   3.61   3.96   4.54  42480    1.0
outl_loglike[627]    4.2  2.1e-3   0.33   3.57    4.0    4.2   4.41   4.86  24020    1.0
outl_loglike[628]   4.27  1.8e-3   0.29   3.75   4.06   4.25   4.45   4.88  26873    1.0
outl_loglike[629]   4.02  2.4e-3   0.42   3.11   3.78   4.05    4.3   4.77  30885    1.0
outl_loglike[630]   2.36  3.9e-3   0.78   0.65   1.89   2.43   2.89    3.7  40134    1.0
outl_loglike[631]   4.15  2.5e-3   0.37   3.33   3.93   4.16   4.38   4.84  23179    1.0
outl_loglike[632]   4.12  2.8e-3    0.4   3.22   3.91   4.14   4.37   4.81  20993    1.0
outl_loglike[633]   4.15  2.1e-3   0.35    3.4   3.94   4.15   4.37   4.82  27390    1.0
outl_loglike[634]   3.45  3.2e-3   0.66   1.91   3.08   3.54   3.92   4.52  42376    1.0
outl_loglike[635]   4.22  2.0e-3   0.32   3.62   4.01   4.21   4.42   4.86  23825    1.0
outl_loglike[636]   3.11  4.3e-3   0.75   1.42   2.66   3.19   3.64   4.33  30732    1.0
outl_loglike[637]   3.91  3.0e-3   0.53    2.6   3.66   3.99   4.26   4.75  31625    1.0
outl_loglike[638]   4.25  1.9e-3    0.3    3.7   4.04   4.23   4.44   4.88  25941    1.0
outl_loglike[639]   3.82  2.9e-3   0.54   2.54   3.54   3.89   4.19    4.7  35734    1.0
outl_loglike[640]   3.87  2.4e-3   0.47   2.78   3.61   3.92   4.19   4.69  38285    1.0
outl_loglike[641]   3.83  2.2e-3   0.42   2.94   3.57   3.85   4.11   4.61  35589    1.0
outl_loglike[642]   4.07  2.7e-3   0.44   3.04   3.86   4.12   4.35   4.81  25781    1.0
outl_loglike[643]   4.05  2.6e-3   0.45   2.99   3.83    4.1   4.33    4.8  28884    1.0
outl_loglike[644]    4.2  2.0e-3   0.32   3.57   3.99   4.19   4.41   4.85  26513    1.0
outl_loglike[645]   3.05  3.4e-3   0.72   1.43   2.62   3.12   3.55   4.27  45989    1.0
outl_loglike[646]   4.09  2.7e-3   0.42   3.11   3.88   4.13   4.36   4.82  24592    1.0
outl_loglike[647]   4.02  3.6e-3    0.5   2.79   3.82   4.09   4.33    4.8  19306    1.0
outl_loglike[648]    2.3  5.6e-3   1.18  -0.52   1.68   2.48   3.13   4.06  44332    1.0
outl_loglike[649]   4.19  1.9e-3   0.33   3.56   3.97   4.18    4.4   4.85  28087    1.0
outl_loglike[650]   4.26  1.8e-3   0.29   3.73   4.05   4.24   4.44   4.88  26029    1.0
outl_loglike[651]   4.12  2.7e-3   0.41   3.19   3.91   4.14   4.37   4.82  22511    1.0
outl_loglike[652]   4.25  1.9e-3    0.3   3.72   4.05   4.24   4.44   4.87  25558    1.0
outl_loglike[653]   4.17  2.0e-3   0.33   3.52   3.96   4.17   4.39   4.83  28425    1.0
outl_loglike[654]   4.18  2.2e-3   0.34   3.51   3.97   4.18    4.4   4.85  22951    1.0
outl_loglike[655]   4.19  2.0e-3   0.33   3.53   3.98   4.19    4.4   4.85  26441    1.0
outl_loglike[656]   4.16  2.4e-3   0.36    3.4   3.95   4.17   4.39   4.84  23147    1.0
outl_loglike[657]   3.85  2.3e-3   0.44   2.89   3.59   3.88   4.15   4.65  36718    1.0
outl_loglike[658]   4.24  1.9e-3    0.3    3.7   4.04   4.23   4.44   4.87  25134    1.0
outl_loglike[659]   3.38  3.0e-3   0.62   1.99   3.01   3.43   3.81   4.43  44006    1.0
outl_loglike[660]   4.12  2.6e-3   0.39   3.23   3.91   4.14   4.37   4.82  22209    1.0
outl_loglike[661]   0.24  7.9e-3   1.54  -3.25  -0.66   0.41   1.34   2.77  38377    1.0
outl_loglike[662]   3.44  2.8e-3    0.6    2.1   3.09    3.5   3.86   4.45  46809    1.0
outl_loglike[663]   4.01  2.9e-3   0.48   2.86   3.78   4.07   4.32    4.8  27894    1.0
outl_loglike[664]   3.61  3.5e-3   0.69   1.96   3.26   3.72   4.08   4.65  39282    1.0
outl_loglike[665]   3.43  4.6e-3   0.85   1.39   3.01   3.59   4.02   4.62  33868    1.0
outl_loglike[666]    1.3  5.2e-3   0.92  -0.79   0.76   1.39   1.95   2.85  31113    1.0
outl_loglike[667]   4.02  2.7e-3   0.46   2.93   3.78   4.07   4.32   4.78  30037    1.0
outl_loglike[668]   4.06  2.5e-3   0.42   3.08   3.83   4.09   4.33    4.8  28045    1.0
outl_loglike[669]   3.09  3.5e-3   0.69   1.55   2.67   3.14   3.57   4.27  38815    1.0
outl_loglike[670]    4.2  2.1e-3   0.33   3.55   3.99   4.19   4.41   4.85  24445    1.0
outl_loglike[671]   3.88  2.5e-3   0.48   2.78   3.61   3.93    4.2    4.7  37002    1.0
outl_loglike[672]   3.86  2.5e-3   0.47   2.84   3.58    3.9   4.18    4.7  34311    1.0
outl_loglike[673]   3.15  3.1e-3   0.63   1.79   2.76   3.19   3.58   4.26  41351    1.0
outl_loglike[674]   3.58  5.2e-3   0.89   1.34   3.24   3.79   4.15   4.69  29459    1.0
outl_loglike[675]   3.98  4.2e-3   0.57   2.57   3.78   4.07   4.31   4.78  18871    1.0
outl_loglike[676]   4.02  3.0e-3   0.48   2.84    3.8   4.08   4.33    4.8  26461    1.0
outl_loglike[677]   4.27  1.8e-3   0.29   3.76   4.07   4.25   4.46   4.89  27167    1.0
outl_loglike[678]    4.2  1.9e-3   0.32   3.58   3.99   4.19   4.41   4.85  28239    1.0
outl_loglike[679]    4.2  2.0e-3   0.32   3.58   3.99    4.2   4.41   4.84  25257    1.0
outl_loglike[680]   4.08  2.1e-3   0.38   3.26   3.85   4.09   4.32   4.78  31718    1.0
outl_loglike[681]   3.81  3.6e-3   0.66   2.14   3.54   3.94   4.24   4.73  33702    1.0
outl_loglike[682]    3.3  3.7e-3   0.78    1.5   2.88   3.41   3.85   4.49  43665    1.0
outl_loglike[683]   4.06  2.9e-3   0.45   2.99   3.84    4.1   4.34    4.8  24382    1.0
outl_loglike[684]  -0.66  9.6e-3   1.75  -4.53  -1.75  -0.48   0.62   2.23  33361    1.0
outl_loglike[685]   4.24  1.8e-3    0.3    3.7   4.03   4.23   4.43   4.87  27110    1.0
outl_loglike[686]   3.96  2.2e-3   0.41   3.09   3.71   3.98   4.23   4.71  32982    1.0
outl_loglike[687]   0.76  6.9e-3   1.34  -2.27  -0.02    0.9   1.71    3.0  38083    1.0
outl_loglike[688]   4.03  3.0e-3   0.48   2.87   3.82   4.09   4.33   4.79  25247    1.0
outl_loglike[689]    4.0  3.8e-3   0.52   2.71   3.79   4.08   4.32   4.79  18499    1.0
outl_loglike[690]   4.03  2.3e-3   0.41   3.12   3.79   4.06    4.3   4.77  32163    1.0
outl_loglike[691]   3.97  2.4e-3   0.45   2.95   3.72   4.01   4.26   4.74  34120    1.0
outl_loglike[692]   4.05  2.5e-3   0.44   2.99   3.84   4.09   4.32   4.78  31275    1.0
outl_loglike[693]   4.09  2.2e-3   0.39   3.23   3.86   4.11   4.35    4.8  31526    1.0
outl_loglike[694]  -1.65    0.01   1.86  -5.67  -2.83   -1.5  -0.32   1.53  30119    1.0
outl_loglike[695]   4.17  2.3e-3   0.35   3.46   3.96   4.17   4.39   4.84  22246    1.0
outl_loglike[696]   3.54  3.7e-3   0.64   2.02    3.2   3.64   3.98   4.52  30614    1.0
outl_loglike[697]   3.48  5.9e-3   1.01   0.94   3.13   3.74   4.11   4.65  29141    1.0
outl_loglike[698]   3.99  2.6e-3   0.46   2.91   3.75   4.04   4.29   4.77  32761    1.0
outl_loglike[699]   4.15  2.1e-3   0.35   3.41   3.93   4.15   4.37   4.81  28603    1.0
outl_loglike[700] -36.66    0.06  11.53 -62.52 -43.67  -35.4 -28.42 -17.76  31879    1.0
outl_loglike[701] -844.3    0.86 113.89  -1092 -914.3 -835.2 -764.9 -647.3  17432    1.0
outl_loglike[702]  -5.28    0.01   1.99  -9.61  -6.49  -5.14  -3.92  -1.75  29158    1.0
outl_loglike[703] -23.87    0.04    6.1 -37.36  -27.6 -23.29 -19.52 -13.63  26044    1.0
outl_loglike[704]   3.58  3.4e-3   0.62   2.18   3.21   3.64   4.01   4.61  33590    1.0
outl_loglike[705]   3.75  2.2e-3   0.43   2.88   3.48   3.77   4.04   4.56  37254    1.0
outl_loglike[706]    2.7  4.0e-3   0.73   1.13   2.25   2.74   3.21   4.01  34057    1.0
outl_loglike[707]   4.15  2.0e-3   0.33    3.5   3.93   4.14   4.36   4.82  29298    1.0
outl_loglike[708]  -5.11    0.01    2.1  -9.67  -6.39  -4.97  -3.67  -1.38  28157    1.0
outl_loglike[709]   4.25  1.8e-3    0.3   3.71   4.04   4.23   4.44   4.87  26099    1.0
outl_loglike[710]  -0.28    0.02   3.69   -9.3  -2.38   0.86   2.52   4.07  27940    1.0
outl_loglike[711]   4.24  1.9e-3    0.3    3.7   4.04   4.23   4.43   4.87  25977    1.0
outl_loglike[712]   4.27  1.7e-3   0.29   3.76   4.07   4.26   4.46   4.89  27093    1.0
outl_loglike[713]   2.39  5.6e-3   1.11  -0.21    1.8   2.54   3.17   4.09  38565    1.0
outl_loglike[714] -22.78    0.04   6.23 -36.47 -26.62 -22.21 -18.37 -12.22  29953    1.0
outl_loglike[715]   4.25  1.8e-3    0.3   3.72   4.04   4.23   4.44   4.87  26631    1.0
outl_loglike[716]  -0.17  8.3e-3   1.58  -3.66  -1.14  -0.02   0.96   2.49  36436    1.0
outl_loglike[717]   3.12  3.8e-3   0.68   1.65   2.71   3.17   3.59    4.3  32709    1.0
outl_loglike[718]   3.62  2.5e-3   0.47   2.65   3.33   3.63   3.94   4.51  36606    1.0
outl_loglike[719]   4.12  2.2e-3   0.37   3.32    3.9   4.14   4.37   4.82  28600    1.0
outl_loglike[720] -12.75    0.02    4.1 -21.76 -15.28 -12.34  -9.81  -5.87  28591    1.0
outl_loglike[721]   4.27  1.8e-3   0.29   3.75   4.06   4.25   4.45   4.88  26989    1.0
outl_loglike[722]   2.76  5.2e-3   0.91   0.69   2.23   2.87    3.4   4.22  30329    1.0
outl_loglike[723]   0.87  8.6e-3   1.47  -2.49   0.01   1.05   1.92   3.23  29565    1.0
outl_loglike[724]   4.21  1.9e-3   0.31   3.63    4.0    4.2   4.41   4.85  27991    1.0
outl_loglike[725]   3.76  2.4e-3   0.47   2.74   3.48   3.79   4.07   4.59  38367    1.0
outl_loglike[726]   4.27  1.8e-3   0.29   3.75   4.07   4.25   4.45   4.88  26361    1.0
outl_loglike[727]   4.16  1.9e-3   0.33   3.49   3.95   4.16   4.37   4.82  29225    1.0
outl_loglike[728]   1.47  5.2e-3   1.01  -0.69   0.85   1.53   2.15   3.24  37685    1.0
outl_loglike[729]    3.4  3.5e-3   0.71   1.75    3.0   3.49   3.89   4.52  41908    1.0
outl_loglike[730]  -5.66    0.01   2.33 -10.72  -7.09  -5.48  -4.03  -1.58  28295    1.0
outl_loglike[731]   4.25  1.9e-3    0.3    3.7   4.04   4.23   4.44   4.88  25930    1.0
outl_loglike[732]   4.25  1.9e-3    0.3    3.7   4.04   4.23   4.44   4.88  26550    1.0
outl_loglike[733]   4.08  2.1e-3   0.37   3.33   3.84   4.08   4.32   4.78  31364    1.0
outl_loglike[734]   3.91  2.1e-3    0.4    3.1   3.66   3.92   4.18   4.67  34764    1.0
outl_loglike[735]   3.78  3.6e-3   0.66   2.12    3.5   3.91   4.21   4.72  33263    1.0
outl_loglike[736]   1.11  5.7e-3   1.16  -1.51   0.44   1.23   1.92   3.05  41398    1.0
outl_loglike[737]    4.1  1.9e-3   0.34   3.45   3.88    4.1   4.32   4.78  31890    1.0
outl_loglike[738]   4.24  1.8e-3    0.3   3.71   4.04   4.23   4.43   4.87  27307    1.0
outl_loglike[739]  -1.45    0.02    3.3  -9.09  -3.47  -0.85   1.12   3.16  25710    1.0
outl_loglike[740]   4.16  2.0e-3   0.33    3.5   3.95   4.16   4.38   4.82  27792    1.0
outl_loglike[741]   4.19  2.0e-3   0.32   3.57   3.98   4.19    4.4   4.85  27467    1.0
outl_loglike[742]   3.09  4.4e-3    0.9   0.96   2.61   3.22   3.72   4.42  41891    1.0
outl_loglike[743]  -5.77    0.02    3.2 -12.76  -7.74   -5.5  -3.54  -0.16  31200    1.0
outl_loglike[744]    4.2  1.8e-3   0.31   3.63    4.0   4.19    4.4   4.83  29177    1.0
outl_loglike[745]   3.09  3.6e-3   0.73   1.47   2.67   3.17   3.61   4.31  42018    1.0
outl_loglike[746]   4.08  2.2e-3   0.37   3.34   3.85   4.09   4.33   4.79  28869    1.0
outl_loglike[747]   3.36  3.3e-3   0.61   2.04   2.98    3.4   3.77   4.44  34330    1.0
outl_loglike[748]   2.25  5.3e-3   0.97   0.07   1.68   2.35   2.94   3.87  33557    1.0
outl_loglike[749]    4.2  1.8e-3   0.31   3.61   3.99   4.19   4.39   4.83  28463    1.0
outl_loglike[750]   4.13  1.8e-3   0.33   3.46   3.93   4.13   4.34   4.77  34394    1.0
outl_loglike[751]   4.19  1.9e-3   0.32   3.57   3.97   4.18    4.4   4.85  28887    1.0
outl_loglike[752]  -0.21    0.01   2.35   -5.7   -1.6    0.2   1.55   3.24  32741    1.0
outl_loglike[753]   4.25  1.8e-3    0.3   3.72   4.05   4.24   4.44   4.87  26507    1.0
outl_loglike[754]   4.24  1.8e-3    0.3    3.7   4.04   4.23   4.44   4.87  27247    1.0
outl_loglike[755]   3.95  2.4e-3   0.47    2.8   3.74   4.02   4.25    4.7  37315    1.0
outl_loglike[756]    3.8  2.6e-3    0.5   2.71    3.5   3.84   4.13   4.67  35397    1.0
outl_loglike[757]    4.2  2.0e-3   0.33   3.55   3.99   4.19   4.41   4.85  27128    1.0
outl_loglike[758]   3.72  3.5e-3   0.64   2.19   3.38   3.82   4.17   4.72  33337    1.0
outl_loglike[759]   1.52  6.8e-3   1.17  -1.13   0.83   1.64   2.35   3.45  29367    1.0
outl_loglike[760]   2.08  4.8e-3   1.03  -0.28    1.5    2.2   2.79   3.75  45747    1.0
outl_loglike[761]   3.95  2.1e-3   0.38   3.19    3.7   3.95    4.2    4.7  33116    1.0
outl_loglike[762]  -5.38    0.01   2.44 -10.67  -6.87  -5.19   -3.7  -1.12  30487    1.0
outl_loglike[763]   3.71  2.2e-3   0.44    2.8   3.43   3.72    4.0   4.52  38488    1.0
outl_loglike[764]   4.11  1.9e-3   0.35   3.41   3.89   4.11   4.34    4.8  33227    1.0
outl_loglike[765]   2.59  3.4e-3    0.7   1.13   2.17   2.63   3.06   3.84  42043    1.0
outl_loglike[766]   3.58  2.8e-3   0.53   2.44   3.26   3.61   3.94   4.51  35630    1.0
outl_loglike[767] -14.36    0.02   3.16 -21.25 -16.29 -14.13 -12.18  -8.81  23283    1.0
outl_loglike[768]   2.97  3.1e-3   0.65   1.56   2.58   3.01   3.42   4.13  42707    1.0
outl_loglike[769]  -13.4    0.03   5.24 -24.72 -16.68 -12.99  -9.64  -4.42  22991    1.0
outl_loglike[770]   4.25  1.8e-3   0.29   3.73   4.05   4.24   4.44   4.87  26292    1.0
outl_loglike[771]  -4.21    0.01   2.74 -10.09   -5.9  -4.05  -2.32   0.71  36542    1.0
lp__              -10.31    0.44  41.69 -92.24 -38.35 -10.16  18.05  70.36   9129    1.0

Samples were drawn using NUTS at Tue Sep 17 16:23:44 2019.
For each parameter, n_eff is a crude measure of effective sample size,
and Rhat is the potential scale reduction factor on split chains (at 
convergence, Rhat=1).
