Inference for Stan model: anon_model_5d703b856fa2f28cab8159e4abe012f4.
4 chains, each with iter=20000; warmup=10000; thin=1; 
post-warmup draws per chain=10000, total post-warmup draws=40000.

                    mean se_mean     sd   2.5%    25%    50%    75%  97.5%  n_eff   Rhat
MB[1]             -19.45  7.0e-5   0.01 -19.47 -19.46 -19.45 -19.45 -19.43  22849    1.0
coeff_angles[1]     0.74  1.5e-4   0.02    0.7   0.73   0.74   0.75   0.77  15150    1.0
coeff_angles[2]     0.05  5.1e-5 7.2e-3   0.03   0.04   0.05   0.05   0.06  19893    1.0
coeff_angles[3]    -0.04  1.2e-4   0.01  -0.07  -0.05  -0.04  -0.03  -0.01  13643    1.0
sigma_int[1]        0.12  5.9e-5 7.1e-3    0.1   0.11   0.12   0.12   0.13  14772    1.0
outl_frac[1]        0.05  1.0e-4   0.01   0.03   0.04   0.05   0.06   0.09  20871    1.0
coeff[1]            0.91  2.7e-4   0.03   0.85   0.89   0.91   0.94   0.98  15155    1.0
coeff[2]            0.05  5.1e-5 7.2e-3   0.03   0.04   0.05   0.05   0.06  19892    1.0
coeff[3]           -0.04  1.2e-4   0.01  -0.07  -0.05  -0.04  -0.03  -0.01  13642    1.0
outl_loglike[1]     3.31  5.7e-3   0.68   1.69   3.11   3.42   3.69   4.17  13856    1.0
outl_loglike[2]     3.98  2.7e-3    0.5   2.77   3.73   4.04   4.31   4.79  33140    1.0
outl_loglike[3]      3.6    0.01   1.45   1.19   3.48   3.87   4.15   4.64  11816    1.0
outl_loglike[4]     3.81  9.0e-3   1.09   1.65   3.65   4.02   4.29   4.76  14648    1.0
outl_loglike[5]     3.86  8.9e-3   0.99   1.78   3.68   4.05   4.32   4.79  12493    1.0
outl_loglike[6]     3.96  6.1e-3    0.7   2.27   3.77   4.09   4.35   4.81  13300    1.0
outl_loglike[7]     3.57  9.2e-3   1.03   1.44   3.39   3.77   4.05   4.53  12308    1.0
outl_loglike[8]     3.71    0.01   1.21   1.42   3.56   3.94   4.22   4.69  11085    1.0
outl_loglike[9]     3.68    0.01   1.22   1.43   3.53   3.91   4.18   4.67  11760    1.0
outl_loglike[10]    3.98  5.1e-3   0.65   2.39   3.78    4.1   4.35   4.82  16661    1.0
outl_loglike[11]    3.58    0.01   1.65   0.14   3.42   3.97   4.28   4.78  16165    1.0
outl_loglike[12]    3.66    0.01   1.37   1.25   3.53   3.92   4.19   4.68  11229    1.0
outl_loglike[13]    3.64    0.01   1.13   1.42   3.48   3.87   4.14   4.62  11488    1.0
outl_loglike[14]    3.74  9.2e-3   1.05   1.57   3.57   3.95   4.22   4.69  13023    1.0
outl_loglike[15]    3.86  7.8e-3   0.87   1.84   3.68   4.04   4.31   4.78  12586    1.0
outl_loglike[16]    4.05  3.8e-3   0.53    2.7   3.85   4.13   4.38   4.83  19450    1.0
outl_loglike[17]    3.66    0.02   1.69   0.85   3.57   3.98   4.26   4.74  11603    1.0
outl_loglike[18]    3.44  8.4e-3   0.96   1.42   3.26   3.62   3.89   4.38  12992    1.0
outl_loglike[19]    3.76    0.01   1.14   1.66    3.6   3.98   4.25   4.72  12571    1.0
outl_loglike[20]    4.05  3.7e-3   0.53   2.75   3.85   4.13   4.37   4.83  20341    1.0
outl_loglike[21]    3.82    0.01   1.16    1.7   3.66   4.04   4.31   4.78  12945    1.0
outl_loglike[22]    3.56  9.8e-3    1.1   1.37   3.39   3.78   4.06   4.54  12671    1.0
outl_loglike[23]    3.62    0.02   1.78   0.65   3.54   3.98   4.26   4.75  13036    1.0
outl_loglike[24]    3.06  5.3e-3   1.05   0.48   2.55   3.26    3.8   4.52  39700    1.0
outl_loglike[25]    3.71  2.6e-3   0.55   2.44   3.39   3.78   4.09   4.63  46464    1.0
outl_loglike[26]    4.09  3.6e-3   0.49   2.89   3.88   4.15   4.39   4.83  18448    1.0
outl_loglike[27]    3.65    0.01   1.55   1.12   3.53   3.94   4.22    4.7  12059    1.0
outl_loglike[28]    3.76    0.01    1.3   1.47   3.62   4.01   4.28   4.76  12550    1.0
outl_loglike[29]    3.46  6.8e-3   0.79   1.59   3.25   3.61   3.88   4.37  13581    1.0
outl_loglike[30]    4.31  1.9e-3   0.29    3.8   4.11    4.3    4.5   4.91  22634    1.0
outl_loglike[31]    3.66    0.01   1.29   1.32   3.52   3.91   4.18   4.67  11108    1.0
outl_loglike[32]    4.21  1.9e-3   0.31   3.62    4.0   4.21   4.42   4.85  26595    1.0
outl_loglike[33]    3.85  8.5e-3   0.96   1.87   3.67   4.03    4.3   4.77  12774    1.0
outl_loglike[34]    3.91  7.4e-3   0.86   2.03   3.73   4.07   4.34    4.8  13358    1.0
outl_loglike[35]    3.68    0.01   1.43    1.2   3.56   3.95   4.23   4.71  11597    1.0
outl_loglike[36]    3.36  7.0e-3   0.78    1.5   3.16   3.51   3.78   4.26  12344    1.0
outl_loglike[37]    4.01  4.1e-3   0.59   2.52    3.8   4.11   4.36   4.83  20741    1.0
outl_loglike[38]     3.3  8.3e-3    1.0   1.14   3.12    3.5   3.78   4.27  14519    1.0
outl_loglike[39]    3.57    0.02   1.71   0.61   3.48   3.92    4.2   4.69  10603    1.0
outl_loglike[40]    3.76  4.5e-3   0.82   1.68   3.48   3.96   4.27   4.77  33923    1.0
outl_loglike[41]    3.78    0.01   1.23   1.51   3.64   4.02    4.3   4.78  13294    1.0
outl_loglike[42]    3.69    0.01   1.26   1.49   3.53   3.91   4.19   4.67  12419    1.0
outl_loglike[43]    3.84  9.8e-3   1.09   1.75   3.68   4.05   4.31   4.79  12369    1.0
outl_loglike[44]    4.08  2.7e-3   0.45   3.01   3.85   4.13   4.37   4.83  28315    1.0
outl_loglike[45]    3.29    0.01   1.44   0.37   3.17    3.6   3.89   4.37  13501    1.0
outl_loglike[46]    3.36  3.7e-3   0.82   1.38   2.92    3.5   3.94   4.55  49364    1.0
outl_loglike[47]    3.51  9.6e-3   1.09   1.41   3.35   3.71   3.98   4.47  12785    1.0
outl_loglike[48]    3.38  7.4e-3   0.89   1.43   3.19   3.55   3.82   4.31  14245    1.0
outl_loglike[49]    3.98  2.9e-3   0.53   2.67   3.75   4.07   4.32   4.79  34210    1.0
outl_loglike[50]    4.12  3.2e-3   0.45   3.03   3.91   4.17    4.4   4.85  20099    1.0
outl_loglike[51]    3.35  7.0e-3    0.8   1.46   3.16   3.51   3.77   4.26  13226    1.0
outl_loglike[52]    3.79    0.01   1.24    1.7   3.64   4.01   4.28   4.75  13049    1.0
outl_loglike[53]    3.82  8.9e-3   1.02   1.75   3.65   4.02   4.29   4.76  12960    1.0
outl_loglike[54]    3.29  8.3e-3   0.97   1.05   3.11    3.5   3.77   4.26  13526    1.0
outl_loglike[55]     3.6    0.01   1.31   1.25   3.45   3.85   4.13   4.61  12943    1.0
outl_loglike[56]    3.46  9.4e-3   1.03   1.27   3.29   3.67   3.95   4.43  12207    1.0
outl_loglike[57]     4.3  2.0e-3   0.29   3.77    4.1   4.29   4.49   4.91  22286    1.0
outl_loglike[58]    4.03  3.1e-3   0.52   2.73   3.82   4.11   4.36   4.82  27550    1.0
outl_loglike[59]    4.02  4.4e-3   0.58   2.54   3.82   4.12   4.37   4.82  17429    1.0
outl_loglike[60]    3.86  3.3e-3   0.63   2.28   3.58   3.98   4.27   4.77  35856    1.0
outl_loglike[61]    3.79  9.9e-3   1.13   1.67   3.63    4.0   4.27   4.75  12846    1.0
outl_loglike[62]    3.54  4.2e-3   0.84   1.46   3.15   3.72   4.11   4.67  40249    1.0
outl_loglike[63]    4.18  2.8e-3   0.38   3.34   3.98    4.2   4.43   4.86  18184    1.0
outl_loglike[64]    3.88  5.6e-3    0.8   1.92   3.67   4.06   4.33    4.8  20874    1.0
outl_loglike[65]     3.0  3.5e-3   0.53    1.7   2.77   3.07   3.33   3.82  22659    1.0
outl_loglike[66]     4.1  3.4e-3   0.47   2.95    3.9   4.16   4.39   4.84  18607    1.0
outl_loglike[67]    4.06  4.2e-3   0.52   2.75   3.85   4.13   4.38   4.83  15436    1.0
outl_loglike[68]    3.84  9.3e-3   1.03   1.83   3.66   4.04   4.31   4.79  12382    1.0
outl_loglike[69]    3.79  3.6e-3   0.71    2.0   3.49   3.94   4.25   4.76  38188    1.0
outl_loglike[70]    4.02  4.4e-3   0.59   2.53   3.81   4.11   4.36   4.82  17872    1.0
outl_loglike[71]    4.09  3.5e-3   0.47   2.94   3.89   4.15   4.38   4.83  18095    1.0
outl_loglike[72]    3.57    0.01   1.18   1.22   3.42   3.81   4.08   4.56  10521    1.0
outl_loglike[73]    3.88  5.1e-3   0.76   2.06   3.67   4.03    4.3   4.77  21940    1.0
outl_loglike[74]    3.76    0.01   1.21   1.49   3.61   3.99   4.26   4.74  11819    1.0
outl_loglike[75]    3.88  8.3e-3   0.95   1.93    3.7   4.06   4.32   4.79  12854    1.0
outl_loglike[76]    2.91    0.02   3.04  -6.63   2.94   3.79    4.2   4.74  15110    1.0
outl_loglike[77]    3.86  8.1e-3   0.93    2.0   3.68   4.03    4.3   4.77  13086    1.0
outl_loglike[78]    3.78    0.01   1.29   1.43   3.64   4.03   4.31   4.79  10851    1.0
outl_loglike[79]    3.61 10.0e-3    1.4   0.43    3.4   3.96   4.28   4.78  19642    1.0
outl_loglike[80]    3.52  3.9e-3   0.77   1.63   3.14   3.66   4.06   4.63  40433    1.0
outl_loglike[81]    3.99  5.2e-3   0.63   2.42   3.79    4.1   4.36   4.82  14921    1.0
outl_loglike[82]    3.71    0.01   1.28   1.42   3.57   3.95   4.22    4.7  13703    1.0
outl_loglike[83]    3.89  8.0e-3    0.9   1.93   3.71   4.07   4.33    4.8  12748    1.0
outl_loglike[84]    3.44  7.7e-3   0.88   1.46   3.25   3.61   3.88   4.37  13032    1.0
outl_loglike[85]    2.21  3.9e-3    0.8   0.48   1.73   2.27   2.77   3.63  42404    1.0
outl_loglike[86]     3.4  9.3e-3   1.04   1.24   3.24   3.61   3.89   4.37  12316    1.0
outl_loglike[87]    3.49  9.3e-3    1.0   1.47   3.32   3.68   3.96   4.44  11421    1.0
outl_loglike[88]    3.67    0.01   1.46   1.23   3.54   3.94   4.21   4.69  13137    1.0
outl_loglike[89]    3.41  8.3e-3   0.95   1.37   3.23   3.59   3.87   4.36  13171    1.0
outl_loglike[90]    3.58    0.01   1.26   1.16   3.43   3.83    4.1   4.59  11838    1.0
outl_loglike[91]    3.87  7.7e-3   0.91   1.97   3.68   4.04   4.31   4.78  13982    1.0
outl_loglike[92]    3.77  8.1e-3   0.92   1.76    3.6   3.96   4.22    4.7  13016    1.0
outl_loglike[93]    3.86  8.3e-3   0.98   1.82   3.68   4.06   4.33    4.8  13910    1.0
outl_loglike[94]    3.81  3.7e-3   0.67   2.13   3.52   3.95   4.25   4.75  32950    1.0
outl_loglike[95]    3.58  2.6e-3   0.52   2.42   3.27   3.62   3.93   4.47  40440    1.0
outl_loglike[96]    4.25  2.1e-3   0.32   3.63   4.05   4.25   4.46   4.88  22492    1.0
outl_loglike[97]    3.85  8.5e-3    1.0    1.8   3.68   4.04   4.31   4.79  13806    1.0
outl_loglike[98]    3.64    0.01   1.18   1.39   3.48   3.86   4.13   4.61  12900    1.0
outl_loglike[99]    3.47  8.4e-3   0.92   1.41    3.3   3.66   3.93   4.41  12088    1.0
outl_loglike[100]    3.7    0.01   1.36   1.27   3.56   3.96   4.23   4.71  12453    1.0
outl_loglike[101]   4.03  4.8e-3   0.58   2.59   3.83   4.12   4.37   4.83  14483    1.0
outl_loglike[102]   3.64    0.01   1.34   1.28    3.5   3.89   4.17   4.65  11555    1.0
outl_loglike[103]   3.98  4.7e-3   0.64   2.39   3.78    4.1   4.36   4.81  18237    1.0
outl_loglike[104]   3.41    0.01   1.25   0.89   3.27   3.67   3.95   4.44  12977    1.0
outl_loglike[105]   3.11  6.1e-3   1.19    0.1   2.62   3.37   3.91   4.56  37845    1.0
outl_loglike[106]   1.84  6.7e-3    1.2  -0.93   1.15   1.98   2.67   3.78  32211    1.0
outl_loglike[107]   3.99  5.3e-3   0.63   2.42   3.79    4.1   4.36   4.82  14449    1.0
outl_loglike[108]   4.09  2.8e-3   0.46   2.97   3.87   4.14   4.38   4.83  26450    1.0
outl_loglike[109]   3.62  9.8e-3   1.09   1.41   3.46   3.84   4.11    4.6  12436    1.0
outl_loglike[110]   3.15  5.3e-3   0.71   1.38   2.94   3.28   3.55   4.04  17802    1.0
outl_loglike[111]   3.05  5.4e-3   0.71   1.26   2.84   3.18   3.46   3.94  17221    1.0
outl_loglike[112]   4.13  3.1e-3   0.44   3.07   3.92   4.17   4.41   4.85  20044    1.0
outl_loglike[113]   3.14  6.4e-3    0.8   1.17   2.94    3.3   3.58   4.07  15867    1.0
outl_loglike[114]   4.09  1.9e-3   0.35   3.39   3.87   4.09   4.32   4.76  31871    1.0
outl_loglike[115]   4.04  3.2e-3   0.52   2.76   3.81   4.12   4.37   4.83  25471    1.0
outl_loglike[116]   3.86  3.7e-3   0.67   2.18   3.58    4.0   4.28   4.78  32903    1.0
outl_loglike[117]   3.84  9.2e-3   1.07   1.66   3.67   4.05   4.32    4.8  13492    1.0
outl_loglike[118]    3.9  3.2e-3   0.47   2.88   3.61   3.93   4.23   4.75  22143    1.0
outl_loglike[119]   4.16  3.0e-3    0.4   3.22   3.95   4.19   4.42   4.86  18224    1.0
outl_loglike[120]   3.69    0.01   1.32   1.43   3.54   3.93    4.2   4.68  11634    1.0
outl_loglike[121]    3.6    0.01    1.4   1.18   3.46   3.86   4.14   4.63  11613    1.0
outl_loglike[122]   3.33  6.7e-3   0.76   1.52   3.13   3.47   3.74   4.22  13098    1.0
outl_loglike[123]   3.56    0.02   1.85  -0.05   3.46   3.97   4.27   4.76  14014    1.0
outl_loglike[124]   3.66    0.01   1.31   1.32   3.52   3.91   4.19   4.66  10298    1.0
outl_loglike[125]   4.05  4.3e-3   0.54   2.67   3.85   4.14   4.38   4.83  15496    1.0
outl_loglike[126]    3.4  9.2e-3   1.01   1.27   3.23    3.6   3.88   4.36  11935    1.0
outl_loglike[127]   4.08  2.7e-3   0.45   3.02   3.86   4.13   4.37   4.83  28354    1.0
outl_loglike[128]   3.19  6.6e-3   1.25  -0.02   2.72   3.49   4.01   4.64  36022    1.0
outl_loglike[129]   3.58  9.6e-3   1.06   1.37   3.42   3.79   4.06   4.55  12160    1.0
outl_loglike[130]   3.98  5.0e-3   0.65   2.35   3.77    4.1   4.35   4.81  16878    1.0
outl_loglike[131]   3.71    0.01   1.25   1.47   3.57   3.95   4.23    4.7  12056    1.0
outl_loglike[132]   3.35  6.1e-3   0.73   1.54   3.14   3.48   3.75   4.23  14222    1.0
outl_loglike[133]   3.89  7.1e-3   0.86   1.96    3.7   4.07   4.33    4.8  14662    1.0
outl_loglike[134]   3.68    0.01   1.34   1.34   3.54   3.93   4.21   4.69  12769    1.0
outl_loglike[135]   3.97  5.9e-3   0.68   2.33   3.77    4.1   4.35   4.81  13483    1.0
outl_loglike[136]   3.81  9.5e-3    1.1   1.69   3.64   4.02   4.29   4.77  13199    1.0
outl_loglike[137]   4.01  4.8e-3   0.62   2.49    3.8   4.11   4.36   4.82  16416    1.0
outl_loglike[138]   3.66    0.01   1.25   1.44   3.51    3.9   4.17   4.64  11866    1.0
outl_loglike[139]   3.77    0.01   1.42   1.43   3.64   4.02    4.3   4.77  10965    1.0
outl_loglike[140]   4.09  3.1e-3   0.47   2.92   3.87   4.15   4.38   4.84  23447    1.0
outl_loglike[141]   4.11  3.3e-3   0.46   2.98    3.9   4.16    4.4   4.84  19845    1.0
outl_loglike[142]   3.96  5.3e-3   0.66   2.32   3.76   4.09   4.34   4.81  15427    1.0
outl_loglike[143]   4.04  4.2e-3   0.54   2.69   3.84   4.12   4.37   4.82  16422    1.0
outl_loglike[144]   3.93  6.8e-3   0.79   2.13   3.74   4.08   4.34    4.8  13628    1.0
outl_loglike[145]   3.65    0.01   1.54   1.08   3.54   3.94   4.22    4.7  11387    1.0
outl_loglike[146]   3.51    0.02   1.91   0.25   3.45   3.89   4.18   4.66  12975    1.0
outl_loglike[147]   4.12  3.3e-3   0.46   3.01   3.91   4.17    4.4   4.85  19248    1.0
outl_loglike[148]   3.55    0.01   1.11   1.31    3.4   3.76   4.04   4.52  12280    1.0
outl_loglike[149]   3.36  7.0e-3   0.82   1.52   3.17   3.52   3.79   4.28  13854    1.0
outl_loglike[150]   3.67    0.01   1.32   1.35   3.53   3.92   4.19   4.67  12833    1.0
outl_loglike[151]   3.49  7.1e-3   0.83   1.62    3.3   3.65   3.92    4.4  13672    1.0
outl_loglike[152]   3.19  4.6e-3   0.58   1.76   2.98   3.28   3.54   4.02  15957    1.0
outl_loglike[153]   4.13  3.1e-3   0.44   3.08   3.92   4.17    4.4   4.85  20361    1.0
outl_loglike[154]   3.94  5.6e-3   0.72   2.21   3.74   4.07   4.33   4.79  16457    1.0
outl_loglike[155]   3.64    0.01   1.18   1.44   3.48   3.86   4.13   4.62  11095    1.0
outl_loglike[156]   3.58  6.2e-3   1.06   0.93   3.25   3.86   4.21   4.74  28812    1.0
outl_loglike[157]   3.33    0.02   2.24   -0.9   3.32   3.79   4.09   4.58  12103    1.0
outl_loglike[158]   3.19  6.0e-3   0.79   1.28   2.99   3.34   3.62    4.1  17248    1.0
outl_loglike[159]    4.0  4.9e-3   0.61   2.46    3.8   4.11   4.36   4.81  15578    1.0
outl_loglike[160]    3.9  3.3e-3    0.6   2.38   3.63   4.01   4.29   4.77  33882    1.0
outl_loglike[161]   3.84  8.9e-3    1.0   1.78   3.66   4.04   4.31   4.78  12496    1.0
outl_loglike[162]   3.83  8.6e-3   0.97   1.76   3.66   4.02   4.29   4.77  12623    1.0
outl_loglike[163]   3.66    0.01   1.14   1.41    3.5   3.88   4.15   4.64  12473    1.0
outl_loglike[164]    3.6  3.5e-3   0.75   1.77   3.24   3.74   4.11   4.66  44836    1.0
outl_loglike[165]    4.2  2.3e-3   0.35   3.45   3.99   4.21   4.43   4.87  24289    1.0
outl_loglike[166]   3.11  4.2e-3   0.56   1.71    2.9    3.2   3.45   3.93  18007    1.0
outl_loglike[167]   3.52    0.01   1.29   1.16   3.38   3.76   4.04   4.53  10061    1.0
outl_loglike[168]   3.45  4.0e-3   0.86   1.34   3.05   3.63   4.04   4.62  45368    1.0
outl_loglike[169]   3.91  5.6e-3    0.8   2.07   3.72   4.07   4.33   4.81  20141    1.0
outl_loglike[170]   3.89  3.2e-3   0.61   2.38   3.61    4.0   4.29   4.77  35207    1.0
outl_loglike[171]   3.79    0.01   1.18   1.52   3.64   4.02   4.29   4.77  13501    1.0
outl_loglike[172]   4.14  3.4e-3   0.43   3.12   3.94   4.18   4.41   4.85  16188    1.0
outl_loglike[173]   4.15  3.0e-3   0.41    3.2   3.95   4.19   4.41   4.85  18361    1.0
outl_loglike[174]   3.67    0.01   1.19   1.44   3.52    3.9   4.17   4.65  11971    1.0
outl_loglike[175]   3.62    0.01   1.22   1.28   3.47   3.86   4.14   4.62  13291    1.0
outl_loglike[176]   4.03  2.9e-3    0.5   2.79    3.8    4.1   4.35   4.82  30180    1.0
outl_loglike[177]   3.83    0.01   1.11   1.75   3.66   4.04   4.31   4.78  10714    1.0
outl_loglike[178]   3.85  8.9e-3   1.02   1.85   3.68   4.04   4.31   4.78  13259    1.0
outl_loglike[179]   3.85    0.01   0.98   1.86   3.68   4.04   4.31   4.78   8157    1.0
outl_loglike[180]   3.91  5.2e-3   0.74   2.16   3.71   4.05   4.31   4.78  20317    1.0
outl_loglike[181]   4.29  2.1e-3    0.3   3.73   4.09   4.28   4.48    4.9  21300    1.0
outl_loglike[182]   3.86  8.4e-3   0.96   1.88   3.68   4.04   4.31   4.79  12997    1.0
outl_loglike[183]   4.18  2.3e-3   0.36    3.4   3.97    4.2   4.42   4.86  24501    1.0
outl_loglike[184]   3.58    0.02   1.73    0.8   3.49   3.91   4.19   4.67  11557    1.0
outl_loglike[185]    3.8    0.01   1.11   1.71   3.64   4.01   4.28   4.75  12043    1.0
outl_loglike[186]   3.38  7.8e-3   0.85   1.42    3.2   3.55   3.82    4.3  12101    1.0
outl_loglike[187]   3.43  7.9e-3   0.88   1.44   3.24    3.6   3.87   4.37  12497    1.0
outl_loglike[188]    3.2  6.1e-3    0.8   1.27    3.0   3.36   3.64   4.13  17309    1.0
outl_loglike[189]   3.68    0.01   1.18   1.36   3.52   3.91   4.18   4.66  11611    1.0
outl_loglike[190]   4.03  3.9e-3   0.55   2.62   3.83   4.12   4.37   4.82  19940    1.0
outl_loglike[191]   3.74    0.01   1.24   1.51    3.6   3.98   4.25   4.72  11187    1.0
outl_loglike[192]    4.2  2.5e-3   0.37   3.37   3.99   4.22   4.44   4.87  21655    1.0
outl_loglike[193]   3.84  9.0e-3    1.0   1.75   3.66   4.04   4.31   4.79  12403    1.0
outl_loglike[194]   3.62    0.01   1.35   1.19   3.49   3.88   4.16   4.64  11646    1.0
outl_loglike[195]   3.93  4.0e-3   0.66   2.25   3.71   4.06   4.33    4.8  26567    1.0
outl_loglike[196]   3.49    0.02   2.22   0.05   3.48   3.92    4.2   4.69   9871    1.0
outl_loglike[197]   3.88  4.9e-3   0.75   1.93   3.65   4.05   4.32    4.8  23052    1.0
outl_loglike[198]   4.09  3.5e-3   0.48   2.92   3.89   4.15   4.39   4.83  19075    1.0
outl_loglike[199]   4.24  1.9e-3   0.31   3.64   4.03   4.23   4.44   4.87  26198    1.0
outl_loglike[200]   3.85  8.7e-3   1.01    1.8   3.68   4.05   4.32   4.79  13649    1.0
outl_loglike[201]   3.93  4.3e-3   0.69   2.22   3.71   4.07   4.34   4.81  25578    1.0
outl_loglike[202]   3.75    0.01   1.44   1.29   3.62   4.03    4.3   4.78  12310    1.0
outl_loglike[203]   3.95  5.6e-3   0.71   2.21   3.75   4.09   4.35   4.82  16329    1.0
outl_loglike[204]    3.7  6.6e-3   1.03    1.2   3.43   3.95   4.27   4.76  24221    1.0
outl_loglike[205]   3.59  9.0e-3   1.03   1.51   3.43   3.79   4.06   4.55  13145    1.0
outl_loglike[206]   4.17  2.2e-3   0.34    3.5   3.95   4.17   4.39   4.84  24580    1.0
outl_loglike[207]   3.91  7.1e-3   0.82   1.97   3.72   4.07   4.34   4.81  13449    1.0
outl_loglike[208]   3.74    0.01   1.12    1.6   3.58   3.96   4.23   4.71  11429    1.0
outl_loglike[209]   3.85  8.7e-3   1.04   1.85   3.68   4.04   4.31   4.78  14307    1.0
outl_loglike[210]   3.74    0.01   1.16   1.56   3.58   3.96   4.23   4.71  13105    1.0
outl_loglike[211]   3.96  3.2e-3   0.57   2.52   3.72   4.06   4.32    4.8  30793    1.0
outl_loglike[212]   3.83  9.2e-3   1.01   1.78   3.66   4.03    4.3   4.77  12053    1.0
outl_loglike[213]   3.45  9.0e-3   1.04   1.26   3.28   3.66   3.94   4.41  13134    1.0
outl_loglike[214]   3.71    0.01   1.26   1.46   3.57   3.96   4.23   4.71  11827    1.0
outl_loglike[215]   3.92  7.4e-3   0.83   2.04   3.73   4.08   4.34   4.81  12447    1.0
outl_loglike[216]   4.21  2.3e-3   0.35   3.49   4.01   4.22   4.44   4.87  23313    1.0
outl_loglike[217]   3.52    0.01   1.71  -0.39   3.37   3.94   4.26   4.76  17129    1.0
outl_loglike[218]   3.75    0.01   1.12   1.64   3.58   3.96   4.23   4.71  12121    1.0
outl_loglike[219]   4.16  2.7e-3   0.41   3.22   3.95   4.19   4.42   4.86  22195    1.0
outl_loglike[220]   3.17  4.8e-3   0.64   1.62   2.96   3.28   3.54   4.02  17571    1.0
outl_loglike[221]   3.92  4.2e-3   0.68   2.22   3.69   4.06   4.33   4.81  25676    1.0
outl_loglike[222]   3.86  8.8e-3   0.99    1.9   3.69   4.05   4.31   4.79  12649    1.0
outl_loglike[223]   3.84  9.5e-3   1.05   1.78   3.68   4.04    4.3   4.78  12212    1.0
outl_loglike[224]   3.84  8.8e-3   0.98   1.77   3.66   4.02   4.29   4.76  12358    1.0
outl_loglike[225]    4.2  2.6e-3   0.36   3.42    4.0   4.22   4.43   4.88  19446    1.0
outl_loglike[226]   3.28    0.01   1.65  -1.06   2.96   3.74   4.16   4.72  20563    1.0
outl_loglike[227]    4.0  4.7e-3    0.6    2.5    3.8   4.11   4.36   4.82  16530    1.0
outl_loglike[228]   3.91  6.9e-3   0.84   2.05   3.72   4.07   4.34   4.81  14568    1.0
outl_loglike[229]   3.96  5.1e-3   0.69    2.3   3.76   4.09   4.34   4.81  18602    1.0
outl_loglike[230]   4.31  2.0e-3   0.29   3.79   4.11    4.3    4.5   4.91  21663    1.0
outl_loglike[231]   3.56    0.01   1.24   1.31   3.41    3.8   4.07   4.55  12114    1.0
outl_loglike[232]   3.59    0.01   1.38   1.09   3.46   3.85   4.14   4.61  11213    1.0
outl_loglike[233]   3.21  5.6e-3   0.69   1.48   3.01   3.34    3.6    4.1  15193    1.0
outl_loglike[234]   3.43    0.02   2.63  -1.19   3.47   3.95   4.24   4.74  13393    1.0
outl_loglike[235]    3.5  9.9e-3   1.14   1.17   3.33   3.73    4.0   4.49  13303    1.0
outl_loglike[236]   3.82  8.1e-3   1.06   1.61   3.64   4.04   4.32   4.79  17006    1.0
outl_loglike[237]   3.24  4.9e-3   0.61   1.72   3.02   3.34    3.6   4.08  15426    1.0
outl_loglike[238]   3.92  5.9e-3   0.78   2.09   3.72   4.07   4.34   4.81  17636    1.0
outl_loglike[239]   4.27  1.9e-3    0.3   3.71   4.07   4.26   4.46   4.89  25314    1.0
outl_loglike[240]   3.87  7.8e-3   0.92   1.85   3.69   4.05   4.32   4.78  13944    1.0
outl_loglike[241]   3.85  7.8e-3   0.93   1.77   3.67   4.04   4.32   4.79  14275    1.0
outl_loglike[242]   3.77    0.01   1.16   1.57   3.61    4.0   4.27   4.74  11574    1.0
outl_loglike[243]   3.77    0.01   1.25   1.48   3.62   4.01   4.28   4.76  12607    1.0
outl_loglike[244]   3.91  6.5e-3   0.81   2.04   3.72   4.07   4.34    4.8  15521    1.0
outl_loglike[245]   4.25  2.3e-3   0.33    3.6   4.04   4.25   4.46   4.89  19932    1.0
outl_loglike[246]   3.77    0.01    1.3    1.4   3.62   4.03    4.3   4.79  14460    1.0
outl_loglike[247]   3.79  9.9e-3   1.15    1.6   3.63   4.01   4.29   4.76  13536    1.0
outl_loglike[248]   3.28  3.9e-3    0.8   1.42   2.83   3.39   3.85   4.51  42799    1.0
outl_loglike[249]   3.79    0.01   1.09   1.59   3.64   4.01   4.28   4.76  10818    1.0
outl_loglike[250]    2.3  7.8e-3   1.52  -1.66   1.64   2.62   3.34   4.27  38027    1.0
outl_loglike[251]   3.65    0.01   1.37    1.3   3.51   3.91   4.19   4.67  11622    1.0
outl_loglike[252]   4.21  2.1e-3   0.33   3.55    4.0   4.21   4.43   4.86  24996    1.0
outl_loglike[253]   3.29  9.2e-3   1.06   0.99   3.12   3.51   3.79   4.28  13234    1.0
outl_loglike[254]   3.43  8.8e-3   0.95   1.35   3.26   3.62   3.89   4.38  11804    1.0
outl_loglike[255]   4.05  3.4e-3   0.51   2.79   3.84   4.13   4.37   4.83  22712    1.0
outl_loglike[256]   3.92  6.0e-3   0.78   2.11   3.73   4.07   4.33   4.81  16832    1.0
outl_loglike[257]   3.85  5.6e-3   0.81   1.82   3.63   4.03   4.31   4.78  20826    1.0
outl_loglike[258]    3.5    0.01   1.32   1.12   3.37   3.75   4.03   4.52  11848    1.0
outl_loglike[259]   3.73  3.3e-3    0.6   2.33    3.4   3.81   4.14   4.69  32772    1.0
outl_loglike[260]   3.97  4.2e-3   0.62   2.37   3.75   4.08   4.34   4.81  21656    1.0
outl_loglike[261]   3.33  8.0e-3   0.94   1.25   3.15   3.51   3.79   4.28  13610    1.0
outl_loglike[262]   2.96  3.9e-3   0.61   1.42   2.72   3.06   3.33   3.83  25202    1.0
outl_loglike[263]   4.06  4.3e-3   0.54   2.74   3.85   4.14   4.38   4.83  15485    1.0
outl_loglike[264]   4.22  2.2e-3   0.34   3.52   4.02   4.23   4.44   4.87  23021    1.0
outl_loglike[265]   3.74    0.01   1.36    1.5    3.6   3.98   4.26   4.73  10999    1.0
outl_loglike[266]   3.24  6.0e-3   0.71   1.57   3.04   3.37   3.63   4.11  14051    1.0
outl_loglike[267]   3.24  4.6e-3   0.59   1.84   3.02   3.33   3.59   4.07  15953    1.0
outl_loglike[268]   3.96  5.1e-3   0.68   2.31   3.76   4.09   4.34   4.81  17895    1.0
outl_loglike[269]   4.17  2.9e-3   0.39   3.28   3.96    4.2   4.42   4.86  18485    1.0
outl_loglike[270]   3.85  8.6e-3   1.02   1.69   3.68   4.05   4.32   4.79  14052    1.0
outl_loglike[271]   3.86  6.6e-3   0.88   1.78   3.66   4.05   4.33    4.8  17879    1.0
outl_loglike[272]   4.01  2.4e-3   0.46   2.94   3.76   4.05   4.31   4.78  36617    1.0
outl_loglike[273]   3.73    0.01   1.24   1.46   3.58   3.97   4.24   4.72  11623    1.0
outl_loglike[274]   4.01  5.2e-3   0.62   2.44   3.81   4.11   4.36   4.82  14428    1.0
outl_loglike[275]    3.7    0.01   1.19   1.56   3.55   3.93    4.2   4.68  12173    1.0
outl_loglike[276]   3.84  8.7e-3   1.02   1.62   3.67   4.05   4.32   4.79  13787    1.0
outl_loglike[277]   4.19  2.6e-3   0.38   3.35   3.98   4.21   4.42   4.86  20267    1.0
outl_loglike[278]   3.22  4.8e-3   0.58   1.78   3.01   3.31   3.57   4.04  15074    1.0
outl_loglike[279]   3.72    0.01   1.26    1.4   3.58   3.96   4.24   4.71   9992    1.0
outl_loglike[280]   3.74    0.01    1.2   1.55   3.59   3.97   4.24   4.72  11158    1.0
outl_loglike[281]   3.93  3.1e-3   0.58   2.49   3.68   4.03    4.3   4.78  33931    1.0
outl_loglike[282]   3.87  2.4e-3   0.42   2.98    3.6   3.88   4.15   4.66  32093    1.0
outl_loglike[283]   3.63    0.02   1.85   0.58   3.54   3.99   4.28   4.77  12919    1.0
outl_loglike[284]   3.78  4.9e-3   0.82   1.72    3.5   3.97   4.28   4.77  27869    1.0
outl_loglike[285]   3.61    0.02   1.77   0.91   3.53   3.94   4.22    4.7  11072    1.0
outl_loglike[286]   3.56    0.02   1.82   0.93   3.48    3.9   4.18   4.67  10904    1.0
outl_loglike[287]   3.99  4.9e-3   0.62   2.42   3.78    4.1   4.35   4.82  15845    1.0
outl_loglike[288]   4.02  4.0e-3   0.57   2.56   3.81   4.11   4.37   4.83  20735    1.0
outl_loglike[289]   3.96  5.5e-3   0.67   2.39   3.76   4.08   4.34    4.8  14476    1.0
outl_loglike[290]   3.96  4.3e-3   0.62   2.36   3.75   4.08   4.34   4.81  20714    1.0
outl_loglike[291]   3.88  8.2e-3   0.91   1.96    3.7   4.06   4.32    4.8  12336    1.0
outl_loglike[292]   3.57  9.3e-3   1.04   1.36    3.4   3.77   4.05   4.53  12439    1.0
outl_loglike[293]   3.74    0.01   1.12   1.53   3.58   3.96   4.23    4.7  12328    1.0
outl_loglike[294]   3.86  8.2e-3   0.95   1.87   3.68   4.05   4.32   4.79  13329    1.0
outl_loglike[295]   4.09  2.6e-3   0.42   3.16   3.85   4.12   4.37   4.84  26415    1.0
outl_loglike[296]   3.79  9.2e-3   1.04   1.61   3.63    4.0   4.27   4.74  12890    1.0
outl_loglike[297]   3.42  8.3e-3   0.98    1.3   3.25   3.62   3.89   4.38  14037    1.0
outl_loglike[298]   3.87  8.2e-3   0.97   1.82   3.69   4.06   4.33   4.79  14040    1.0
outl_loglike[299]   3.71    0.01   1.26   1.41   3.56   3.94   4.22    4.7  10018    1.0
outl_loglike[300]   4.07  2.6e-3   0.44   3.04   3.84   4.11   4.36   4.82  29287    1.0
outl_loglike[301]   3.71    0.01   1.27   1.51   3.56   3.94   4.22   4.69  13759    1.0
outl_loglike[302]   3.77  9.3e-3   1.04   1.63    3.6   3.97   4.25   4.73  12481    1.0
outl_loglike[303]   3.57    0.02   1.66    0.8   3.47   3.89   4.17   4.65  10604    1.0
outl_loglike[304]   4.07  3.9e-3    0.5   2.82   3.86   4.14   4.38   4.83  17094    1.0
outl_loglike[305]   3.87  8.8e-3   0.94   1.91   3.69   4.05   4.32   4.79  11398    1.0
outl_loglike[306]   3.22  2.7e-3   0.56   2.04   2.88   3.25    3.6   4.25  42397    1.0
outl_loglike[307]   3.88  8.0e-3   0.94   1.97    3.7   4.06   4.33   4.79  13875    1.0
outl_loglike[308]   4.04  1.9e-3   0.33   3.41   3.82   4.04   4.26    4.7  31391    1.0
outl_loglike[309]   4.13  3.2e-3   0.43   3.11   3.93   4.18   4.41   4.85  17833    1.0
outl_loglike[310]   4.29  2.0e-3    0.3   3.74   4.09   4.28   4.48    4.9  21641    1.0
outl_loglike[311]   3.87  6.8e-3   0.87   1.78   3.67   4.05   4.33    4.8  16280    1.0
outl_loglike[312]   3.68  5.4e-3   0.92   1.37   3.36    3.9   4.24   4.76  29056    1.0
outl_loglike[313]   2.94  6.0e-3   1.21  -0.07    2.4   3.19   3.77   4.51  41405    1.0
outl_loglike[314]   3.75  8.7e-3   1.13   1.25   3.55   4.01    4.3   4.79  16811    1.0
outl_loglike[315]   3.98  4.9e-3   0.64   2.36   3.78    4.1   4.36   4.81  16901    1.0
outl_loglike[316]   3.77    0.01   1.17   1.59   3.62    4.0   4.27   4.75  11615    1.0
outl_loglike[317]   3.87  7.9e-3   0.95   1.88   3.68   4.05   4.32   4.79  14390    1.0
outl_loglike[318]   3.15  4.3e-3   0.57   1.71   2.94   3.24   3.49   3.97  17544    1.0
outl_loglike[319]   4.07  3.3e-3   0.49   2.85   3.87   4.14   4.38   4.83  21769    1.0
outl_loglike[320]   3.77  6.3e-3   0.93    1.5   3.51   3.99    4.3   4.78  22131    1.0
outl_loglike[321]   3.42  8.4e-3   0.95   1.28   3.24    3.6   3.88   4.37  12650    1.0
outl_loglike[322]   3.35  7.1e-3   0.83    1.4   3.16   3.51   3.79   4.27  13788    1.0
outl_loglike[323]    3.5  8.4e-3   1.03   1.38   3.33    3.7   3.97   4.45  15039    1.0
outl_loglike[324]   3.36  7.7e-3    0.9   1.31   3.17   3.53   3.81   4.29  13541    1.0
outl_loglike[325]    3.7    0.01   1.32   1.38   3.57   3.95   4.23    4.7  12243    1.0
outl_loglike[326]   3.97  5.3e-3   0.66   2.33   3.77    4.1   4.35   4.82  15672    1.0
outl_loglike[327]   3.74    0.01   1.47   1.33    3.6    4.0   4.28   4.76  12347    1.0
outl_loglike[328]   3.87  7.3e-3   0.88   1.92   3.69   4.04   4.31   4.78  14510    1.0
outl_loglike[329]   3.03  9.9e-3   1.67  -1.46   2.61   3.48   4.03   4.64  28025    1.0
outl_loglike[330]   3.92  5.6e-3   0.74   2.03   3.71   4.07   4.34   4.81  17635    1.0
outl_loglike[331]   3.69  9.8e-3   1.26   0.87   3.49   3.99   4.29   4.78  16356    1.0
outl_loglike[332]   4.22  2.1e-3   0.34   3.52   4.01   4.23   4.44   4.87  25181    1.0
outl_loglike[333]   3.96  5.7e-3   0.68   2.29   3.77    4.1   4.35   4.81  14385    1.0
outl_loglike[334]   4.09  2.3e-3   0.37   3.33   3.85    4.1   4.34    4.8  25087    1.0
outl_loglike[335]   4.02  4.6e-3   0.58   2.54   3.82   4.12   4.37   4.83  15704    1.0
outl_loglike[336]    3.7  2.7e-3   0.52   2.55   3.39   3.75   4.06   4.61  37538    1.0
outl_loglike[337]   3.72    0.01    1.4   1.41   3.59   3.98   4.26   4.73  12725    1.0
outl_loglike[338]   3.74    0.01   1.29   1.44   3.59   3.98   4.26   4.73  12776    1.0
outl_loglike[339]   3.65    0.01   1.19   1.41   3.51   3.88   4.15   4.63  12634    1.0
outl_loglike[340]   3.87  7.8e-3   0.92   1.94   3.69   4.05   4.32   4.78  13713    1.0
outl_loglike[341]   3.74  8.4e-3   1.01   1.68   3.56   3.93    4.2   4.68  14205    1.0
outl_loglike[342]   3.86  8.4e-3   0.97   1.85   3.68   4.05   4.31   4.79  13441    1.0
outl_loglike[343]   3.48  9.2e-3   1.37   0.13   3.18   3.85   4.21   4.73  21965    1.0
outl_loglike[344]   3.59    0.01   1.42   1.09   3.47   3.87   4.15   4.64  12368    1.0
outl_loglike[345]   3.84  9.6e-3   1.01   1.78   3.67   4.04   4.31   4.78  11100    1.0
outl_loglike[346]   3.57    0.01   1.18   1.33   3.41   3.79   4.06   4.54  13539    1.0
outl_loglike[347]   3.59    0.02   1.87   0.11   3.51   3.99   4.29   4.78  14193    1.0
outl_loglike[348]   3.29  5.7e-3    1.1   0.55   2.84   3.54   4.02   4.62  37338    1.0
outl_loglike[349]   4.07  3.8e-3   0.51   2.77   3.85   4.14   4.38   4.83  18394    1.0
outl_loglike[350]   3.98  5.5e-3   0.67   2.36   3.77    4.1   4.35   4.82  14848    1.0
outl_loglike[351]    4.1  2.8e-3   0.45   3.05   3.88   4.15   4.39   4.84  24729    1.0
outl_loglike[352]   3.39  9.4e-3   1.16   1.07   3.23   3.62    3.9   4.39  15123    1.0
outl_loglike[353]   3.87  8.2e-3   0.97   1.91    3.7   4.06   4.33   4.79  14175    1.0
outl_loglike[354]   3.35  6.7e-3   0.77   1.56   3.15   3.49   3.76   4.24  13343    1.0
outl_loglike[355]   3.17  4.3e-3   0.52    1.9   2.95   3.23   3.48   3.95  14721    1.0
outl_loglike[356]   3.58  8.7e-3   1.03   1.41   3.41   3.79   4.06   4.54  13940    1.0
outl_loglike[357]   3.36  6.0e-3   0.72   1.61   3.16   3.49   3.75   4.24  14136    1.0
outl_loglike[358]    3.9  6.1e-3    0.8   1.99    3.7   4.07   4.33   4.81  17101    1.0
outl_loglike[359]   3.63    0.01    1.5   0.43   3.47   3.98   4.28   4.77  14790    1.0
outl_loglike[360]   3.84  9.6e-3   1.06   1.71   3.67   4.05   4.32   4.78  12049    1.0
outl_loglike[361]   3.36  7.5e-3   0.88   1.34   3.18   3.54   3.81   4.29  13891    1.0
outl_loglike[362]   3.95  2.8e-3   0.53   2.66   3.68   4.02    4.3   4.78  35121    1.0
outl_loglike[363]   4.12  3.3e-3   0.45   3.07   3.92   4.17    4.4   4.85  18622    1.0
outl_loglike[364]   3.85  8.4e-3   0.99   1.85   3.68   4.04   4.32   4.79  13972    1.0
outl_loglike[365]   3.36  8.2e-3   1.32  -0.01    3.0   3.71   4.14   4.69  25679    1.0
outl_loglike[366]   3.98  4.3e-3   0.64   2.39   3.77    4.1   4.35   4.82  21631    1.0
outl_loglike[367]   3.62    0.01   1.45   1.23   3.51    3.9   4.17   4.66  11745    1.0
outl_loglike[368]   3.76  6.7e-3   0.99   1.45   3.53    4.0    4.3   4.78  21848    1.0
outl_loglike[369]   3.91  4.5e-3   0.71   2.14   3.69   4.06   4.33   4.79  24513    1.0
outl_loglike[370]   3.94  5.3e-3   0.71   2.16   3.73   4.08   4.34   4.81  18032    1.0
outl_loglike[371]   3.94  4.5e-3   0.67   2.22   3.73   4.08   4.35   4.81  22056    1.0
outl_loglike[372]   3.82    0.01   1.11   1.68   3.66   4.04   4.31   4.78  11923    1.0
outl_loglike[373]   3.69  9.7e-3   1.11    1.4   3.53   3.91   4.18   4.66  13073    1.0
outl_loglike[374]    4.2  2.0e-3   0.31   3.61   3.98   4.19    4.4   4.83  25281    1.0
outl_loglike[375]   3.74    0.01   1.17    1.5   3.58   3.96   4.23   4.71  11431    1.0
outl_loglike[376]   3.59    0.02   1.73   0.85    3.5   3.93   4.21   4.69  11646    1.0
outl_loglike[377]   3.15  5.9e-3   1.17   0.16   2.65   3.41   3.94   4.59  39092    1.0
outl_loglike[378]   3.71  2.1e-3   0.38   2.95   3.46   3.71   3.95   4.44  32116    1.0
outl_loglike[379]   3.43  7.5e-3   0.86   1.48   3.25    3.6   3.87   4.36  13183    1.0
outl_loglike[380]   4.19  2.6e-3   0.38   3.36   3.98   4.21   4.43   4.87  21731    1.0
outl_loglike[381]   3.88  8.0e-3   0.92   1.94   3.69   4.05   4.32   4.78  13225    1.0
outl_loglike[382]    4.3  2.0e-3    0.3   3.76   4.09   4.29   4.49   4.91  21414    1.0
outl_loglike[383]   3.43  8.3e-3   0.94   1.29   3.25   3.62   3.89   4.39  12609    1.0
outl_loglike[384]   3.44  7.8e-3    0.9   1.48   3.26   3.62   3.89   4.37  13422    1.0
outl_loglike[385]   3.61    0.01   1.22   1.27   3.47   3.85   4.13   4.61  12297    1.0
outl_loglike[386]    3.9  6.9e-3   0.83   2.03   3.72   4.07   4.33   4.79  14787    1.0
outl_loglike[387]   3.34  6.4e-3   0.73   1.62   3.14   3.47   3.74   4.21  13318    1.0
outl_loglike[388]   3.67    0.01    1.4   1.21   3.54   3.94   4.21   4.69  11244    1.0
outl_loglike[389]   2.66  4.6e-3   0.97   0.38   2.14   2.79   3.35   4.15  45466    1.0
outl_loglike[390]   3.89  8.0e-3   0.92   1.95   3.71   4.07   4.33    4.8  13485    1.0
outl_loglike[391]   4.06  3.6e-3   0.53   2.75   3.85   4.13   4.38   4.83  21285    1.0
outl_loglike[392]   3.58    0.01   1.11   1.38   3.42    3.8   4.07   4.55  12173    1.0
outl_loglike[393]   3.53  6.7e-3   1.12   0.71   3.19   3.83   4.19   4.72  27386    1.0
outl_loglike[394]   3.87  7.9e-3   0.91   1.87   3.69   4.05   4.31   4.78  13362    1.0
outl_loglike[395]   3.94  6.0e-3   0.75   2.17   3.74   4.08   4.35   4.81  15350    1.0
outl_loglike[396]   3.82    0.01    1.1   1.66   3.66   4.03    4.3   4.77  11470    1.0
outl_loglike[397]   3.59    0.02   1.68   0.85   3.49   3.91   4.19   4.67  11982    1.0
outl_loglike[398]   3.88  3.4e-3   0.61   2.37   3.61    4.0   4.28   4.77  33172    1.0
outl_loglike[399]   3.52  8.7e-3   0.98   1.45   3.34   3.71   3.99   4.47  12792    1.0
outl_loglike[400]   4.01  4.7e-3   0.59   2.53   3.81   4.11   4.36   4.83  16050    1.0
outl_loglike[401]   3.83  4.1e-3   0.74   1.94   3.55   3.99   4.29   4.78  32910    1.0
outl_loglike[402]   3.29  5.8e-3   0.71   1.54   3.08   3.42   3.69   4.16  15416    1.0
outl_loglike[403]   3.72    0.01   1.45   1.11    3.6   4.02    4.3   4.77  13202    1.0
outl_loglike[404]    3.8  7.7e-3   0.98   1.53   3.59   4.02   4.31   4.79  15989    1.0
outl_loglike[405]   3.99  2.9e-3   0.53   2.69   3.77   4.07   4.33   4.79  32328    1.0
outl_loglike[406]   3.81    0.01   1.13   1.65   3.65   4.02   4.29   4.77  10712    1.0
outl_loglike[407]   3.95  4.7e-3   0.68   2.29   3.75   4.08   4.34   4.81  20579    1.0
outl_loglike[408]    3.8    0.01   1.26   1.54   3.65   4.03   4.31   4.78  12364    1.0
outl_loglike[409]   3.77  3.3e-3   0.66   2.13   3.46    3.9   4.22   4.72  39173    1.0
outl_loglike[410]   3.88  8.6e-3   0.91   1.89    3.7   4.06   4.33    4.8  11308    1.0
outl_loglike[411]   3.99  3.2e-3   0.55   2.63   3.75   4.07   4.34   4.82  29027    1.0
outl_loglike[412]   3.45  8.3e-3   0.92   1.49   3.27   3.63    3.9   4.37  12230    1.0
outl_loglike[413]   3.04  4.5e-3   0.63   1.44   2.83   3.15   3.42    3.9  19723    1.0
outl_loglike[414]    3.9  3.9e-3   0.66   2.21   3.66   4.04   4.31   4.79  29021    1.0
outl_loglike[415]   3.45  8.0e-3   0.91   1.39   3.27   3.63    3.9   4.39  12922    1.0
outl_loglike[416]   3.75  6.8e-3   0.99   1.38   3.51   3.98   4.28   4.78  21055    1.0
outl_loglike[417]   3.39  3.1e-3   0.65   1.93   3.01   3.46   3.85   4.47  43419    1.0
outl_loglike[418]   3.93  7.0e-3   0.82   2.13   3.74   4.08   4.34   4.81  13854    1.0
outl_loglike[419]   3.72    0.01    1.3   1.45   3.56   3.96   4.23   4.71  12943    1.0
outl_loglike[420]   3.93  6.1e-3   0.75   2.13   3.73   4.08   4.34   4.81  15206    1.0
outl_loglike[421]   3.49  8.5e-3   0.98   1.35   3.32   3.69   3.96   4.45  13441    1.0
outl_loglike[422]    3.9  5.5e-3   0.79   2.03    3.7   4.07   4.33   4.81  20998    1.0
outl_loglike[423]   4.24  1.8e-3    0.3   3.66   4.04   4.24   4.44   4.86  28540    1.0
outl_loglike[424]   3.91  7.0e-3   0.81   2.01   3.72   4.07   4.33    4.8  13204    1.0
outl_loglike[425]   3.92  6.1e-3   0.77   2.12   3.73   4.07   4.33   4.81  16017    1.0
outl_loglike[426]   3.83    0.01    1.1   1.77   3.67   4.04   4.31   4.79  11636    1.0
outl_loglike[427]   3.68  9.1e-3   1.04   1.59   3.51   3.88   4.16   4.64  13192    1.0
outl_loglike[428]   3.89  5.6e-3   0.79   1.92   3.67   4.06   4.33   4.81  19683    1.0
outl_loglike[429]   3.78  9.8e-3    1.2   1.48   3.63   4.02    4.3   4.77  14790    1.0
outl_loglike[430]   3.69    0.01   1.39   1.33   3.55   3.95   4.22   4.71  12483    1.0
outl_loglike[431]   3.69  9.9e-3   1.17   1.49   3.52   3.91   4.18   4.67  13844    1.0
outl_loglike[432]   3.47    0.01   1.59   0.64   3.37   3.78   4.06   4.54  11795    1.0
outl_loglike[433]   3.95  5.2e-3   0.68   2.26   3.74   4.08   4.34    4.8  17431    1.0
outl_loglike[434]   4.06  3.8e-3   0.52   2.75   3.85   4.13   4.38   4.83  19441    1.0
outl_loglike[435]   3.86  7.7e-3   0.94   1.82   3.67   4.05   4.32   4.79  14834    1.0
outl_loglike[436]   3.72  7.7e-3   0.91   1.75   3.54    3.9   4.17   4.64  14139    1.0
outl_loglike[437]   4.04  4.5e-3   0.56   2.64   3.83   4.13   4.37   4.83  15176    1.0
outl_loglike[438]    4.0  4.8e-3    0.6   2.48    3.8   4.11   4.36   4.82  15567    1.0
outl_loglike[439]   3.61    0.01   1.41   0.34   3.42   3.96   4.27   4.77  17639    1.0
outl_loglike[440]   3.82    0.01   1.08   1.77   3.65   4.03   4.29   4.77  11555    1.0
outl_loglike[441]   4.11  2.2e-3   0.39   3.27   3.88   4.13   4.36   4.82  29778    1.0
outl_loglike[442]   3.86  9.7e-3   1.04   1.89   3.69   4.05   4.32   4.79  11720    1.0
outl_loglike[443]   3.66    0.01   1.49   1.02   3.54   3.95   4.23   4.71  11815    1.0
outl_loglike[444]   3.95  5.5e-3   0.71   2.23   3.75   4.08   4.34   4.81  16168    1.0
outl_loglike[445]   3.91  6.8e-3    0.8   2.03   3.72   4.07   4.33   4.81  13889    1.0
outl_loglike[446]   2.08  4.7e-3   0.92   0.06   1.53   2.16   2.72   3.62  38380    1.0
outl_loglike[447]    3.6  3.3e-3    0.6   2.25   3.24   3.66   4.02    4.6  33841    1.0
outl_loglike[448]   3.91  6.1e-3   0.77   2.07   3.72   4.06   4.33    4.8  15871    1.0
outl_loglike[449]   3.95  5.9e-3   0.72   2.24   3.76   4.09   4.35   4.81  14917    1.0
outl_loglike[450]   4.02  4.3e-3   0.58   2.55   3.81   4.11   4.36   4.82  18256    1.0
outl_loglike[451]    3.6    0.01   1.33    1.2   3.46   3.86   4.14   4.62  11385    1.0
outl_loglike[452]   4.28  1.9e-3    0.3   3.72   4.08   4.27   4.48    4.9  24045    1.0
outl_loglike[453]   3.68 10.0e-3   1.34   0.83    3.5   3.99   4.29   4.78  17965    1.0
outl_loglike[454]   4.03  4.1e-3   0.57   2.65   3.83   4.12   4.37   4.82  19266    1.0
outl_loglike[455]    4.1  2.4e-3   0.41   3.15   3.88   4.14   4.37   4.83  28745    1.0
outl_loglike[456]   4.24  2.0e-3   0.32   3.63   4.03   4.23   4.44   4.88  24469    1.0
outl_loglike[457]    3.4  2.6e-3   0.55   2.18   3.07   3.44   3.78   4.35  43961    1.0
outl_loglike[458]   3.85  9.4e-3   1.12    1.8   3.68   4.05   4.32   4.79  14127    1.0
outl_loglike[459]   4.28  2.0e-3    0.3   3.72   4.08   4.27   4.47    4.9  23687    1.0
outl_loglike[460]   3.66    0.01   1.62    1.0   3.56   3.97   4.25   4.73  13719    1.0
outl_loglike[461]    4.3  1.9e-3   0.29   3.77    4.1   4.29   4.49   4.91  23193    1.0
outl_loglike[462]   3.67    0.01   1.44   1.24   3.54   3.93   4.21   4.69  11534    1.0
outl_loglike[463]    3.8    0.01   1.15   1.66   3.64   4.02   4.29   4.77  10257    1.0
outl_loglike[464]   4.07  3.8e-3   0.51    2.8   3.86   4.14   4.38   4.84  18384    1.0
outl_loglike[465]   3.24  5.5e-3   0.64   1.71   3.04   3.35   3.61   4.09  13741    1.0
outl_loglike[466]   3.86  7.7e-3   0.92    1.9   3.68   4.05   4.31   4.79  14540    1.0
outl_loglike[467]   4.02  4.3e-3   0.58   2.55   3.82   4.12   4.37   4.83  18309    1.0
outl_loglike[468]   3.89  6.4e-3   0.83   1.89   3.69   4.06   4.33   4.81  16543    1.0
outl_loglike[469]   3.54    0.01    1.5   0.08   3.32   3.93   4.26   4.77  19249    1.0
outl_loglike[470]    3.1  5.5e-3   0.76    1.2   2.88   3.25   3.52   4.01  18967    1.0
outl_loglike[471]   4.29  2.1e-3    0.3   3.73   4.08   4.28   4.48    4.9  20743    1.0
outl_loglike[472]   4.01  2.6e-3   0.49   2.85   3.76   4.07   4.33   4.79  34202    1.0
outl_loglike[473]   3.21    0.02   2.23  -2.94   3.06   3.82   4.21   4.74  15904    1.0
outl_loglike[474]   3.57    0.01   1.25   1.25   3.42   3.81   4.09   4.57  10330    1.0
outl_loglike[475]   3.22  5.0e-3   0.63   1.63   3.01   3.32   3.59   4.07  15877    1.0
outl_loglike[476]   4.06  3.6e-3   0.52   2.76   3.85   4.14   4.38   4.83  20603    1.0
outl_loglike[477]   3.84  7.3e-3   0.94   1.71   3.65   4.04   4.32   4.79  16593    1.0
outl_loglike[478]   3.52    0.02   1.77   0.66   3.45   3.86   4.14   4.62  12010    1.0
outl_loglike[479]   3.91  5.4e-3   0.75   2.06   3.71   4.07   4.33    4.8  19081    1.0
outl_loglike[480]    4.1  3.2e-3   0.46   2.98   3.89   4.16   4.39   4.85  20507    1.0
outl_loglike[481]   3.65    0.01   1.59   1.07   3.55   3.95   4.22    4.7  12401    1.0
outl_loglike[482]   3.36  7.5e-3   0.89   1.38   3.17   3.53    3.8    4.3  14008    1.0
outl_loglike[483]   3.44  7.6e-3   0.89   1.49   3.25   3.61   3.88   4.36  13450    1.0
outl_loglike[484]   2.88  6.0e-3   0.87    0.7   2.64   3.08   3.38   3.88  21177    1.0
outl_loglike[485]    3.6    0.01   1.28   1.11   3.46   3.85   4.13   4.62  12113    1.0
outl_loglike[486]   4.08  2.2e-3   0.39   3.24   3.84    4.1   4.34   4.79  32144    1.0
outl_loglike[487]   4.33  1.9e-3   0.28   3.82   4.12   4.31   4.51   4.93  21804    1.0
outl_loglike[488]   3.86  2.4e-3   0.48   2.77   3.59    3.9   4.18   4.67  40305    1.0
outl_loglike[489]   3.78  9.0e-3   1.03   1.66   3.61   3.98   4.26   4.72  13194    1.0
outl_loglike[490]   3.78    0.01   1.22   1.45   3.63   4.03    4.3   4.78  14126    1.0
outl_loglike[491]   3.69    0.01   1.45   0.76   3.55   4.01    4.3   4.78  12848    1.0
outl_loglike[492]   4.31  2.0e-3   0.29   3.78   4.11    4.3   4.49   4.91  21782    1.0
outl_loglike[493]   4.07  4.0e-3   0.52    2.8   3.87   4.14   4.38   4.84  16582    1.0
outl_loglike[494]   3.29  5.6e-3   0.66   1.72   3.08    3.4   3.67   4.15  13648    1.0
outl_loglike[495]   3.67    0.01   1.28   1.34   3.52   3.91   4.19   4.67  12370    1.0
outl_loglike[496]   3.61    0.01   1.17   1.39   3.44   3.83    4.1   4.59  11351    1.0
outl_loglike[497]   3.95  5.2e-3    0.7   2.21   3.75   4.08   4.34   4.82  18035    1.0
outl_loglike[498]   3.88  6.8e-3   0.87   1.85    3.7   4.06   4.33    4.8  16449    1.0
outl_loglike[499]   4.06  3.3e-3    0.5   2.83   3.85   4.13   4.37   4.83  23216    1.0
outl_loglike[500]    3.7    0.01   1.34   1.33   3.56   3.96   4.23   4.72  11937    1.0
outl_loglike[501]   3.26    0.01   1.31   0.42   3.12   3.54   3.83   4.33  13296    1.0
outl_loglike[502]   3.87  5.9e-3   0.81   1.88   3.66   4.04   4.31   4.79  18799    1.0
outl_loglike[503]   3.46    0.01   1.14   1.26   3.29   3.67   3.95   4.44  11826    1.0
outl_loglike[504]   3.69    0.01   1.43   1.15   3.57   3.97   4.24   4.72  12347    1.0
outl_loglike[505]   3.49  9.2e-3   0.99   1.33   3.32   3.68   3.95   4.44  11566    1.0
outl_loglike[506]   1.39  5.9e-3   1.23  -1.45   0.69   1.55   2.26   3.33  44289    1.0
outl_loglike[507]   4.07  2.6e-3   0.45   3.02   3.84   4.12   4.36   4.81  29615    1.0
outl_loglike[508]   4.02  2.7e-3   0.49   2.86   3.78   4.08   4.33    4.8  31863    1.0
outl_loglike[509]   4.12  3.3e-3   0.44   3.05   3.91   4.16   4.39   4.84  17970    1.0
outl_loglike[510]   3.48    0.01   1.17   1.18   3.32   3.71   3.98   4.46  11370    1.0
outl_loglike[511]    3.7    0.01   1.43   1.15   3.57   3.97   4.24   4.73  12416    1.0
outl_loglike[512]    4.0  3.1e-3   0.54   2.69   3.77   4.09   4.35   4.81  29068    1.0
outl_loglike[513]   3.81  8.4e-3   1.03   1.72   3.64   4.01   4.28   4.76  14777    1.0
outl_loglike[514]   3.93  7.5e-3   0.83   2.13   3.75   4.08   4.34   4.81  12400    1.0
outl_loglike[515]   3.29    0.02   2.12  -2.16   3.15   3.85   4.21   4.73  15156    1.0
outl_loglike[516]   3.64    0.01   1.28   1.43    3.5   3.88   4.15   4.63  11329    1.0
outl_loglike[517]   3.86  8.2e-3   0.98   1.79   3.68   4.05   4.32   4.79  14109    1.0
outl_loglike[518]   3.43  7.8e-3   0.93   1.33   3.25   3.61   3.89   4.37  13949    1.0
outl_loglike[519]   4.02  3.7e-3   0.55   2.65   3.81   4.11   4.36   4.83  22203    1.0
outl_loglike[520]   3.29  5.7e-3   0.68    1.6   3.08   3.41   3.67   4.16  14519    1.0
outl_loglike[521]   3.92  6.9e-3   0.79   2.12   3.72   4.07   4.34    4.8  12934    1.0
outl_loglike[522]   4.14  3.0e-3   0.42   3.14   3.93   4.18    4.4   4.84  19273    1.0
outl_loglike[523]   4.24  2.3e-3   0.33   3.58   4.04   4.25   4.46   4.89  20211    1.0
outl_loglike[524]   3.96  5.1e-3   0.68   2.28   3.75   4.09   4.35   4.82  18148    1.0
outl_loglike[525]   3.74    0.01   1.39   1.28   3.61   4.01   4.28   4.76  12065    1.0
outl_loglike[526]   3.43    0.01   1.41   0.78   3.31   3.72    4.0   4.49  12443    1.0
outl_loglike[527]   3.82    0.01   1.13   1.62   3.66   4.04   4.31    4.8  11691    1.0
outl_loglike[528]   4.26  2.2e-3   0.32   3.64   4.05   4.25   4.46   4.89  20200    1.0
outl_loglike[529]   3.98  5.4e-3   0.67   2.34   3.78    4.1   4.35   4.82  15028    1.0
outl_loglike[530]   3.67    0.01   1.28   1.37   3.53   3.92    4.2   4.67  12063    1.0
outl_loglike[531]    3.4    0.01   1.31   0.87   3.26   3.66   3.94   4.44  12579    1.0
outl_loglike[532]   3.76  9.7e-3   1.12   1.58    3.6   3.98   4.25   4.73  13214    1.0
outl_loglike[533]   3.52    0.01   1.36   0.94   3.39   3.79   4.07   4.56  10930    1.0
outl_loglike[534]   3.64  8.9e-3   1.03   1.56   3.46   3.84   4.11    4.6  13297    1.0
outl_loglike[535]   3.42    0.01   1.24   0.94   3.28   3.68   3.95   4.44  12403    1.0
outl_loglike[536]   3.42  8.3e-3   0.91   1.37   3.24    3.6   3.87   4.35  12144    1.0
outl_loglike[537]    4.0  5.0e-3   0.61   2.48    3.8   4.11   4.36   4.82  15021    1.0
outl_loglike[538]   4.05  4.0e-3   0.54   2.69   3.84   4.13   4.37   4.83  18813    1.0
outl_loglike[539]    2.5  6.7e-3   1.13  -0.52   2.13   2.79    3.2   3.77  28447    1.0
outl_loglike[540]   3.78    0.01   1.28   1.47   3.64   4.03   4.31   4.79  13139    1.0
outl_loglike[541]   3.87  8.0e-3   0.94   1.92   3.69   4.05   4.32   4.79  13815    1.0
outl_loglike[542]   3.88  4.5e-3   0.73   1.99   3.64   4.04   4.32    4.8  26213    1.0
outl_loglike[543]    3.6    0.02   1.76   0.82   3.51   3.93   4.21   4.69  10693    1.0
outl_loglike[544]   3.96  5.3e-3   0.66   2.32   3.76   4.08   4.34    4.8  15706    1.0
outl_loglike[545]   3.85  9.0e-3   1.02   1.76   3.68   4.05   4.32   4.79  12685    1.0
outl_loglike[546]    3.4  7.0e-3   0.82   1.53    3.2   3.55   3.82    4.3  13790    1.0
outl_loglike[547]   2.39  4.1e-3   0.84    0.5   1.88   2.47   2.98    3.8  42460    1.0
outl_loglike[548]   4.06  4.2e-3   0.53   2.74   3.85   4.13   4.38   4.83  15751    1.0
outl_loglike[549]   3.36    0.01   1.31   0.89   3.22   3.62   3.91    4.4  14786    1.0
outl_loglike[550]   3.78    0.01   1.29   1.48   3.63   4.03    4.3   4.77  12865    1.0
outl_loglike[551]   3.77    0.01    1.2   1.62   3.61   3.99   4.26   4.74  13251    1.0
outl_loglike[552]   3.25  4.5e-3   0.97   0.88   2.78   3.44   3.92   4.56  46731    1.0
outl_loglike[553]   4.03  2.5e-3   0.43   3.07   3.78   4.06   4.32   4.79  30136    1.0
outl_loglike[554]   3.77  9.0e-3   1.15   1.31    3.6   4.02    4.3   4.79  16371    1.0
outl_loglike[555]    3.8  9.1e-3   1.03   1.69   3.62   4.01   4.28   4.76  12832    1.0
outl_loglike[556]   3.77  9.8e-3   1.15   1.63   3.61   3.99   4.26   4.74  13691    1.0
outl_loglike[557]   3.88  7.5e-3   0.92   1.86    3.7   4.06   4.33    4.8  14850    1.0
outl_loglike[558]   3.89  7.0e-3    0.9   1.98   3.71   4.07   4.33    4.8  16245    1.0
outl_loglike[559]   3.76    0.01   1.21   1.57    3.6   3.98   4.26   4.73  14263    1.0
outl_loglike[560]   3.24  6.0e-3   0.76    1.4   3.04   3.38   3.66   4.14  16033    1.0
outl_loglike[561]   3.76  9.8e-3   1.21   1.22    3.6   4.03   4.31   4.79  15330    1.0
outl_loglike[562]   3.73    0.01   1.23   1.55   3.58   3.96   4.23   4.71  12267    1.0
outl_loglike[563]   4.32  1.9e-3   0.29    3.8   4.12   4.31    4.5   4.92  22383    1.0
outl_loglike[564]   3.83  9.1e-3   1.04    1.7   3.66   4.03    4.3   4.77  13108    1.0
outl_loglike[565]   3.85  3.3e-3   0.63   2.27   3.57   3.97   4.26   4.75  35830    1.0
outl_loglike[566]   3.65    0.02   1.73   0.78   3.56   3.99   4.28   4.76  11325    1.0
outl_loglike[567]   3.81  6.1e-3    0.9   1.63   3.59   4.02   4.31   4.79  21319    1.0
outl_loglike[568]   3.79    0.01    1.2   1.63   3.63   4.01   4.29   4.76  12755    1.0
outl_loglike[569]   3.94  5.7e-3   0.74   2.19   3.74   4.08   4.35   4.82  16869    1.0
outl_loglike[570]   3.46  8.1e-3    0.9   1.49   3.28   3.63   3.91   4.39  12129    1.0
outl_loglike[571]   3.49    0.01   1.48   0.94   3.38   3.77   4.05   4.54  12051    1.0
outl_loglike[572]   3.92  7.0e-3   0.78   2.05   3.73   4.07   4.34   4.81  12620    1.0
outl_loglike[573]   3.85  7.9e-3   0.93   1.81   3.66   4.03    4.3   4.77  13769    1.0
outl_loglike[574]    4.1  3.3e-3   0.47   2.94   3.88   4.15   4.39   4.84  20185    1.0
outl_loglike[575]   3.43  8.0e-3   0.89   1.41   3.24    3.6   3.88   4.36  12656    1.0
outl_loglike[576]   3.91  6.0e-3   0.78   2.09   3.72   4.07   4.34    4.8  16929    1.0
outl_loglike[577]   3.32  6.9e-3   0.81   1.45   3.12   3.48   3.75   4.24  13686    1.0
outl_loglike[578]   3.85  8.6e-3   1.04   1.81   3.67   4.05   4.32   4.79  14570    1.0
outl_loglike[579]   3.78    0.01    1.1    1.6   3.62    4.0   4.28   4.75  11564    1.0
outl_loglike[580]   3.72    0.01   1.32   1.33   3.59   3.98   4.25   4.74  11741    1.0
outl_loglike[581]   3.47    0.01    1.2   1.15   3.32   3.71   3.98   4.47  13363    1.0
outl_loglike[582]   4.29  2.0e-3    0.3   3.72   4.08   4.28   4.48   4.91  22561    1.0
outl_loglike[583]   3.98  5.2e-3   0.66   2.39   3.77    4.1   4.35   4.81  16052    1.0
outl_loglike[584]   4.16  2.9e-3    0.4   3.23   3.95   4.19   4.42   4.86  19259    1.0
outl_loglike[585]   4.22  2.3e-3   0.34    3.5   4.01   4.23   4.44   4.87  23473    1.0
outl_loglike[586]   3.68    0.01    1.3    1.4   3.54   3.92    4.2   4.68  10380    1.0
outl_loglike[587]   3.75    0.01    1.4   1.28   3.62   4.03    4.3   4.77  12684    1.0
outl_loglike[588]   3.93  2.5e-3   0.45   2.96   3.67   3.97   4.24   4.72  31235    1.0
outl_loglike[589]   3.47  2.3e-3   0.48   2.47   3.17   3.48   3.79   4.37  41950    1.0
outl_loglike[590]   3.49  9.3e-3   1.12   1.18   3.34   3.72   3.99   4.48  14426    1.0
outl_loglike[591]   3.42  7.9e-3   0.93   1.39   3.24    3.6   3.87   4.36  13813    1.0
outl_loglike[592]   4.06  3.9e-3   0.52   2.76   3.85   4.13   4.38   4.84  17478    1.0
outl_loglike[593]    3.5  2.8e-3   0.51   2.43   3.17   3.52   3.85   4.44  33315    1.0
outl_loglike[594]   3.39  8.0e-3   0.97   1.26   3.21   3.58   3.85   4.34  14801    1.0
outl_loglike[595]   3.77    0.01   1.22   1.56   3.62    4.0   4.28   4.75  13583    1.0
outl_loglike[596]   3.91  6.5e-3   0.81   2.07   3.73   4.08   4.34   4.81  15436    1.0
outl_loglike[597]   3.63    0.01   1.18   1.41   3.48   3.85   4.13   4.61  12652    1.0
outl_loglike[598]   3.87  8.4e-3   0.93   1.84   3.69   4.05   4.32   4.79  12286    1.0
outl_loglike[599]   3.43  9.6e-3   0.97   1.36   3.26   3.62   3.89   4.38  10238    1.0
outl_loglike[600]   3.79  6.8e-3   0.98   1.46   3.57   4.02   4.31   4.79  20730    1.0
outl_loglike[601]   4.11  3.5e-3   0.46   2.98    3.9   4.16   4.39   4.84  17044    1.0
outl_loglike[602]   1.43    0.02   3.89  -10.2   0.93   2.84   3.76   4.55  24660    1.0
outl_loglike[603]   3.43    0.02   2.65  -1.21   3.47   3.96   4.26   4.75  13055    1.0
outl_loglike[604]  -3.67  9.6e-3   1.43  -6.79  -4.56  -3.57  -2.67  -1.16  22299    1.0
outl_loglike[605]   3.81  9.8e-3    1.1   1.74   3.65   4.02   4.29   4.76  12724    1.0
outl_loglike[606]   3.14  4.1e-3   0.55   1.78   2.92   3.22   3.47   3.96  17655    1.0
outl_loglike[607]    3.6  9.0e-3   1.36   0.41   3.39   3.94   4.27   4.77  22516    1.0
outl_loglike[608]   3.84  8.4e-3   0.95    1.8   3.67   4.03    4.3   4.77  12996    1.0
outl_loglike[609]    3.9  6.7e-3   0.84    2.0    3.7   4.07   4.33    4.8  15471    1.0
outl_loglike[610]   4.09  3.7e-3   0.49   2.89   3.88   4.15   4.39   4.84  17231    1.0
outl_loglike[611]   3.83  6.5e-3    0.9   1.63   3.61   4.03   4.31    4.8  18988    1.0
outl_loglike[612]   3.32  5.9e-3   0.69   1.64   3.11   3.44    3.7   4.19  13460    1.0
outl_loglike[613]   3.71  8.7e-3   1.03   1.54   3.55   3.92   4.19   4.67  14113    1.0
outl_loglike[614]   3.98  4.3e-3   0.64   2.39   3.78    4.1   4.35   4.81  22037    1.0
outl_loglike[615]   3.96  5.9e-3    0.7   2.28   3.77   4.09   4.34   4.82  14031    1.0
outl_loglike[616]   4.16  2.3e-3   0.37   3.34   3.95   4.18    4.4   4.85  26590    1.0
outl_loglike[617]   3.06    0.01   1.26   0.18   2.89   3.36   3.66   4.17  15238    1.0
outl_loglike[618]   4.14  3.1e-3   0.42   3.14   3.93   4.18   4.41   4.85  18342    1.0
outl_loglike[619]   4.29  2.0e-3    0.3   3.74   4.09   4.28   4.48    4.9  21711    1.0
outl_loglike[620]   3.54    0.01   1.17   1.24   3.39   3.77   4.05   4.53  11730    1.0
outl_loglike[621]   4.08  3.8e-3   0.49   2.86   3.88   4.15   4.39   4.83  16969    1.0
outl_loglike[622]   4.01  4.6e-3   0.62   2.49    3.8   4.11   4.36   4.83  18066    1.0
outl_loglike[623]   3.81    0.01   1.24   1.69   3.67   4.04    4.3   4.77  12704    1.0
outl_loglike[624]   3.21  5.6e-3    0.7   1.47    3.0   3.34    3.6   4.09  15691    1.0
outl_loglike[625]   3.77    0.01   1.36   1.38   3.63   4.02   4.29   4.77  13859    1.0
outl_loglike[626]   3.59    0.01    1.5   1.12   3.46   3.87   4.15   4.63  14598    1.0
outl_loglike[627]   3.77  2.9e-3   0.49   2.73   3.46   3.79    4.1   4.65  28170    1.0
outl_loglike[628]   3.46  9.9e-3   1.11   1.18    3.3   3.68   3.96   4.44  12648    1.0
outl_loglike[629]    3.8    0.01   1.15   1.66   3.64   4.02   4.29   4.78  13035    1.0
outl_loglike[630]   3.92  6.1e-3   0.75   2.13   3.73   4.07   4.33    4.8  14763    1.0
outl_loglike[631]   3.66    0.01   1.59    1.0   3.55   3.97   4.25   4.74  12362    1.0
outl_loglike[632]   4.25  2.3e-3   0.33   3.59   4.04   4.25   4.46   4.89  21102    1.0
outl_loglike[633]   3.63    0.01   1.39   1.19    3.5   3.91   4.18   4.67  11289    1.0
outl_loglike[634]   3.84  8.9e-3   1.04    1.7   3.67   4.05   4.32    4.8  13532    1.0
outl_loglike[635]   3.81  5.6e-3   0.86   1.69   3.57   4.02    4.3   4.79  23533    1.0
outl_loglike[636]   3.72    0.01   1.48    1.1   3.58   4.01   4.29   4.77  13407    1.0
outl_loglike[637]   3.12  7.6e-3   1.06   0.62   2.93   3.35   3.65   4.15  19398    1.0
outl_loglike[638]   3.52  9.0e-3   1.03   1.41   3.35   3.72    4.0   4.47  13298    1.0
outl_loglike[639]   3.25  5.1e-3    0.6   1.79   3.04   3.34    3.6   4.08  13984    1.0
outl_loglike[640]    3.7    0.01   1.46    1.3   3.57   3.98   4.25   4.73  11781    1.0
outl_loglike[641]   3.68    0.01   1.57    0.9   3.56    4.0   4.29   4.77  13411    1.0
outl_loglike[642]   1.52    0.02   3.06  -7.31   0.73   2.51   3.48   4.44  25333    1.0
outl_loglike[643]   3.65    0.01   1.26    1.3    3.5    3.9   4.17   4.65  11331    1.0
outl_loglike[644]   4.12  2.4e-3    0.4   3.21    3.9   4.15   4.38   4.83  29513    1.0
outl_loglike[645]   3.85  8.9e-3   0.99    1.8   3.68   4.05   4.32   4.79  12351    1.0
outl_loglike[646]   3.82  8.7e-3   1.03   1.72   3.66   4.03    4.3   4.76  14012    1.0
outl_loglike[647]   3.69  3.6e-3   0.67   2.09   3.34    3.8   4.16    4.7  35558    1.0
outl_loglike[648]   4.04  2.2e-3   0.38   3.24    3.8   4.05    4.3   4.76  29408    1.0
outl_loglike[649]   4.01  4.2e-3   0.57   2.57   3.81    4.1   4.36   4.82  18740    1.0
outl_loglike[650]    3.5    0.01    1.4   1.08   3.37   3.77   4.04   4.53  12128    1.0
outl_loglike[651]   3.88  7.7e-3   0.88   1.93    3.7   4.05   4.32   4.79  13192    1.0
outl_loglike[652]   3.76  6.6e-3   0.97   1.39   3.52   3.99   4.29   4.79  21344    1.0
outl_loglike[653]   3.06  5.5e-3    1.1   0.32   2.55   3.27   3.82   4.51  40529    1.0
outl_loglike[654]    4.1  3.8e-3   0.48   2.93    3.9   4.16   4.39   4.84  15910    1.0
outl_loglike[655]   3.94  5.9e-3   0.75   2.19   3.74   4.08   4.34    4.8  16415    1.0
outl_loglike[656]   3.75    0.01   1.14   1.56    3.6   3.98   4.25   4.73  12589    1.0
outl_loglike[657]   3.77    0.01    1.3   1.46   3.63   4.02    4.3   4.77  11480    1.0
outl_loglike[658]   2.92  5.6e-3   0.85   0.72   2.68   3.12   3.42   3.93  22875    1.0
outl_loglike[659]   4.16  3.0e-3    0.4   3.25   3.95   4.19   4.42   4.86  17725    1.0
outl_loglike[660]    3.9  7.5e-3   0.87   1.96   3.71   4.07   4.33   4.81  13485    1.0
outl_loglike[661]   4.32  1.9e-3   0.29    3.8   4.12   4.31   4.51   4.92  21696    1.0
outl_loglike[662]   3.16  6.9e-3   0.84   1.14   2.96   3.33   3.61    4.1  14586    1.0
outl_loglike[663]   3.47    0.01   1.17   1.16   3.32   3.71   3.99   4.46  13513    1.0
outl_loglike[664]   3.94  6.5e-3   0.75   2.22   3.75   4.08   4.34   4.81  13256    1.0
outl_loglike[665]   4.01  4.5e-3   0.59   2.52    3.8   4.11   4.36   4.83  17406    1.0
outl_loglike[666]   3.74    0.01   1.12   1.56   3.58   3.95   4.23   4.71  10659    1.0
outl_loglike[667]   4.17  3.0e-3   0.39   3.28   3.97    4.2   4.42   4.86  16810    1.0
outl_loglike[668]   4.12  2.4e-3   0.39   3.29   3.89   4.14   4.37   4.83  26568    1.0
outl_loglike[669]    3.7    0.01   1.45   1.42   3.57   3.96   4.23   4.71  12562    1.0
outl_loglike[670]   3.58    0.02   1.93   0.57   3.51   3.94   4.23   4.71  11215    1.0
outl_loglike[671]   3.73  9.6e-3   1.27   1.05   3.57   4.01    4.3   4.78  17288    1.0
outl_loglike[672]   3.71    0.01   1.22    1.4   3.56   3.95   4.22    4.7  13549    1.0
outl_loglike[673]   4.05  4.3e-3   0.54   2.69   3.84   4.13   4.38   4.83  15451    1.0
outl_loglike[674]   4.27  2.1e-3   0.31   3.68   4.07   4.27   4.47   4.89  21948    1.0
outl_loglike[675]   3.73    0.01   1.39   1.45   3.59    4.0   4.27   4.75  12050    1.0
outl_loglike[676]   3.94  6.4e-3   0.74   2.18   3.75   4.08   4.34   4.82  13603    1.0
outl_loglike[677]   4.09  3.2e-3   0.47   2.93   3.88   4.14   4.39   4.84  21951    1.0
outl_loglike[678]   4.07  2.6e-3   0.45   3.01   3.84   4.11   4.36   4.82  28783    1.0
outl_loglike[679]   3.67    0.01   1.33   1.32   3.53   3.92    4.2   4.68  11620    1.0
outl_loglike[680]    3.9  7.8e-3   0.88    2.0   3.71   4.06   4.33    4.8  12877    1.0
outl_loglike[681]   3.71    0.01   1.28   1.39   3.57   3.96   4.23   4.71   9902    1.0
outl_loglike[682]    3.7    0.01   1.54   1.27   3.58   3.98   4.26   4.74  11048    1.0
outl_loglike[683]   3.86  8.4e-3   0.98   1.87   3.69   4.05   4.31   4.78  13608    1.0
outl_loglike[684]   3.58    0.01   1.21   1.27   3.43   3.82   4.09   4.57  12333    1.0
outl_loglike[685]   3.85  7.0e-3   0.91   1.73   3.66   4.04   4.31   4.79  16762    1.0
outl_loglike[686]   4.17  1.9e-3   0.33   3.51   3.95   4.17   4.38   4.82  30114    1.0
outl_loglike[687]   4.12  3.4e-3   0.46   3.04   3.91   4.17    4.4   4.84  17494    1.0
outl_loglike[688]   3.31    0.02   2.12  -0.56   3.29   3.75   4.05   4.54  11619    1.0
outl_loglike[689]   4.03  4.5e-3   0.58   2.64   3.83   4.12   4.37   4.83  16439    1.0
outl_loglike[690]   3.53    0.01   1.24   1.28   3.38   3.77   4.04   4.53  12364    1.0
outl_loglike[691]   3.63    0.01   1.14   1.44   3.47   3.85   4.12    4.6  12970    1.0
outl_loglike[692]   3.61    0.02   1.83   0.83   3.52   3.96   4.24   4.72   9050    1.0
outl_loglike[693]   3.91  6.9e-3   0.82   2.08   3.72   4.07   4.33    4.8  14084    1.0
outl_loglike[694]   4.05  4.0e-3   0.53   2.75   3.84   4.12   4.36   4.82  17024    1.0
outl_loglike[695]   3.64    0.01   1.47    1.2   3.52   3.92    4.2   4.67  12507    1.0
outl_loglike[696]   3.73    0.01   1.37   1.11   3.58   4.02    4.3   4.78  14930    1.0
outl_loglike[697]    3.7  2.7e-3   0.54   2.48   3.39   3.76   4.08   4.61  41263    1.0
outl_loglike[698]   3.79  2.2e-3   0.43   2.87   3.52   3.81   4.08   4.58  38356    1.0
outl_loglike[699]    2.3  7.5e-3   1.47  -1.46   1.63   2.59    3.3   4.25  38975    1.0
outl_loglike[700]   2.99  2.6e-3   0.37   2.21   2.76    3.0   3.23   3.69  20161    1.0
outl_loglike[701]   3.72    0.01   1.48    1.2    3.6   4.01   4.29   4.77  12507    1.0
outl_loglike[702]    3.8    0.01    1.1   1.65   3.64   4.02   4.29   4.77  11688    1.0
outl_loglike[703]   3.95  5.3e-3    0.7   2.24   3.76   4.09   4.35   4.81  17543    1.0
outl_loglike[704]   3.57    0.01   1.17   1.41   3.41   3.79   4.06   4.54  11672    1.0
outl_loglike[705]   4.13  3.3e-3   0.45   3.07   3.91   4.17    4.4   4.85  18828    1.0
outl_loglike[706]   4.08  1.9e-3   0.35   3.37   3.86   4.08    4.3   4.76  34552    1.0
outl_loglike[707]   3.04  8.8e-3   1.16   0.24   2.85   3.31   3.61   4.11  17289    1.0
outl_loglike[708]   3.76    0.01   1.17   1.57   3.61   3.98   4.25   4.73  11373    1.0
outl_loglike[709]   3.98  4.8e-3   0.65   2.37   3.78    4.1   4.36   4.82  18249    1.0
outl_loglike[710]   4.28  1.9e-3    0.3   3.73   4.08   4.27   4.47    4.9  23550    1.0
outl_loglike[711]   3.93  5.2e-3   0.72   2.14   3.73   4.07   4.33   4.81  19195    1.0
outl_loglike[712]   3.96  3.2e-3   0.56   2.57   3.72   4.06   4.32    4.8  30129    1.0
outl_loglike[713]   4.02  4.1e-3   0.58   2.56   3.81   4.12   4.36   4.82  19948    1.0
outl_loglike[714]   2.39  3.2e-3   0.63   1.04    2.0   2.44   2.83   3.52  37453    1.0
outl_loglike[715]   3.97  4.7e-3   0.64   2.36   3.76   4.09   4.35   4.82  18439    1.0
outl_loglike[716]    3.7  6.7e-3   1.01   1.18   3.44   3.96   4.27   4.77  23135    1.0
outl_loglike[717]   4.09  2.5e-3   0.42   3.15   3.86   4.13   4.37   4.82  28324    1.0
outl_loglike[718]    2.7  5.2e-3   0.92   0.58   2.17   2.81   3.35   4.19  31145    1.0
outl_loglike[719]    4.2  2.1e-3   0.35   3.48   3.99   4.21   4.43   4.86  26098    1.0
outl_loglike[720]   4.11  2.8e-3   0.44   3.06    3.9   4.16   4.39   4.84  23674    1.0
outl_loglike[721]   3.68  3.8e-3   0.71   1.99   3.32    3.8   4.16   4.72  35250    1.0
outl_loglike[722]   3.53  4.2e-3   0.72    1.8   3.16   3.66   4.03   4.59  30037    1.0
outl_loglike[723]    4.3  2.0e-3   0.29   3.77    4.1   4.29   4.49    4.9  21543    1.0
outl_loglike[724]   4.07  2.6e-3   0.45   3.02   3.84   4.12   4.36   4.82  30129    1.0
outl_loglike[725]   2.16  9.7e-3   1.76  -2.61   1.48   2.57   3.35    4.3  33009    1.0
outl_loglike[726]   2.97  6.1e-3   1.22  -0.09   2.44   3.23    3.8   4.53  40525    1.0
outl_loglike[727]   4.24  2.2e-3   0.33   3.57   4.03   4.24   4.45   4.88  23149    1.0
outl_loglike[728]   3.74  2.4e-3    0.5   2.64   3.45   3.79   4.08    4.6  41996    1.0
outl_loglike[729]   4.25  2.2e-3   0.32   3.62   4.04   4.25   4.46    4.9  22266    1.0
outl_loglike[730]    4.0  3.3e-3   0.54   2.63   3.78   4.09   4.35   4.81  27259    1.0
outl_loglike[731]   4.24  2.3e-3   0.33   3.58   4.03   4.24   4.45   4.88  21467    1.0
outl_loglike[732]   4.08  4.0e-3    0.5   2.85   3.87   4.14   4.38   4.83  15618    1.0
outl_loglike[733]   3.83  2.3e-3   0.47    2.8   3.55   3.86   4.14   4.65  42360    1.0
outl_loglike[734]   3.66  2.8e-3   0.53    2.5   3.34   3.69   4.01   4.58  36277    1.0
outl_loglike[735]   4.01  4.7e-3   0.59   2.56   3.81   4.11   4.35   4.81  15532    1.0
outl_loglike[736]   4.12  2.8e-3   0.43   3.13   3.89   4.16    4.4   4.85  24432    1.0
outl_loglike[737]   4.04  2.5e-3   0.43   3.08    3.8   4.07   4.32    4.8  30668    1.0
outl_loglike[738]   4.28  2.1e-3    0.3   3.73   4.08   4.28   4.48    4.9  21043    1.0
outl_loglike[739]   4.24  2.3e-3   0.33   3.58   4.04   4.24   4.45   4.88  19861    1.0
outl_loglike[740]   3.51  2.7e-3   0.55   2.34   3.17   3.55   3.89   4.49  40588    1.0
outl_loglike[741]   3.59  2.9e-3   0.63   2.11   3.25   3.69   4.03   4.58  45901    1.0
outl_loglike[742]   4.25  2.3e-3   0.32   3.61   4.05   4.25   4.46   4.89  19838    1.0
outl_loglike[743]   4.32  1.9e-3   0.29   3.81   4.12    4.3    4.5   4.92  22556    1.0
outl_loglike[744]   4.06  2.4e-3   0.42    3.1   3.82   4.09   4.34   4.81  30723    1.0
outl_loglike[745]   2.37  3.9e-3   0.79   0.64    1.9   2.43   2.92   3.73  40266    1.0
outl_loglike[746]   4.19  2.7e-3   0.38   3.32   3.98   4.21   4.43   4.87  20638    1.0
outl_loglike[747]   4.16  3.0e-3    0.4   3.26   3.95   4.19   4.41   4.85  17790    1.0
outl_loglike[748]    4.2  2.2e-3   0.35   3.47   3.99   4.21   4.43   4.86  24407    1.0
outl_loglike[749]   3.51  3.2e-3   0.66   1.96   3.13    3.6   3.97   4.56  44277    1.0
outl_loglike[750]   4.27  2.2e-3   0.31   3.66   4.06   4.26   4.47   4.89  19809    1.0
outl_loglike[751]   3.04  5.1e-3   0.77   1.33   2.58   3.12   3.59   4.33  22997    1.0
outl_loglike[752]   3.96  3.1e-3   0.53   2.66    3.7   4.04   4.31   4.79  29436    1.0
outl_loglike[753]   4.29  2.0e-3    0.3   3.73   4.09   4.28   4.49   4.91  22044    1.0
outl_loglike[754]   3.87  2.8e-3   0.54   2.57   3.59   3.94   4.23   4.73  37948    1.0
outl_loglike[755]   3.94  2.3e-3   0.46   2.89   3.69   3.99   4.25   4.72  40822    1.0
outl_loglike[756]   3.89  2.4e-3   0.42    3.0   3.63   3.91   4.17   4.66  31494    1.0
outl_loglike[757]   4.12  2.8e-3   0.44   3.07   3.91   4.16    4.4   4.85  24427    1.0
outl_loglike[758]    4.1  2.8e-3   0.44   3.04   3.89   4.15   4.39   4.83  24948    1.0
outl_loglike[759]   4.25  2.1e-3   0.32   3.62   4.05   4.25   4.46   4.89  22994    1.0
outl_loglike[760]    3.1  3.3e-3   0.72   1.51   2.68   3.18   3.61    4.3  47035    1.0
outl_loglike[761]   4.14  2.8e-3   0.42   3.14   3.92   4.18   4.41   4.86  23161    1.0
outl_loglike[762]   4.08  3.5e-3   0.49   2.88   3.87   4.14   4.38   4.84  18974    1.0
outl_loglike[763]   2.31  5.4e-3   1.17  -0.49   1.71   2.48   3.13   4.08  47499    1.0
outl_loglike[764]   4.23  2.1e-3   0.33   3.59   4.02   4.23   4.44   4.88  23340    1.0
outl_loglike[765]   4.31  2.0e-3   0.29   3.78   4.11    4.3    4.5   4.91  21652    1.0
outl_loglike[766]   4.16  2.8e-3   0.41   3.21   3.95   4.19   4.42   4.86  20747    1.0
outl_loglike[767]    4.3  2.0e-3   0.29   3.77    4.1   4.29   4.49   4.91  21388    1.0
outl_loglike[768]   4.23  2.1e-3   0.33   3.59   4.03   4.23   4.44   4.87  24578    1.0
outl_loglike[769]   4.23  2.4e-3   0.34   3.54   4.03   4.24   4.45   4.88  20344    1.0
outl_loglike[770]   4.24  2.2e-3   0.33   3.58   4.03   4.24   4.45   4.89  22907    1.0
outl_loglike[771]   4.21  2.6e-3   0.36   3.43    4.0   4.22   4.44   4.88  19665    1.0
outl_loglike[772]    3.9  2.3e-3   0.44   2.93   3.63   3.93    4.2   4.69  38495    1.0
outl_loglike[773]   4.29  2.1e-3    0.3   3.74   4.09   4.28   4.48   4.91  20586    1.0
outl_loglike[774]    3.4  3.1e-3   0.63    2.0   3.02   3.45   3.84   4.47  41240    1.0
outl_loglike[775]   4.17  2.9e-3   0.39   3.28   3.96    4.2   4.42   4.86  18054    1.0
outl_loglike[776]   0.19  7.9e-3   1.53  -3.26  -0.71   0.37   1.27   2.71  38002    1.0
outl_loglike[777]   3.52  2.7e-3   0.59   2.18   3.18   3.57   3.92    4.5  46609    1.0
outl_loglike[778]   4.04  3.2e-3   0.51   2.81    3.8   4.11   4.37   4.83  26062    1.0
outl_loglike[779]   3.64  3.4e-3    0.7   1.94   3.29   3.77   4.13   4.68  42807    1.0
outl_loglike[780]   3.43  4.8e-3   0.88   1.29   2.99   3.59   4.04   4.66  33938    1.0
outl_loglike[781]   1.29  5.5e-3   0.94  -0.83   0.74   1.39   1.94   2.85  29487    1.0
outl_loglike[782]   4.06  2.8e-3   0.47   2.94   3.82   4.11   4.36   4.82  27798    1.0
outl_loglike[783]    4.1  2.7e-3   0.43    3.1   3.87   4.14   4.38   4.84  25831    1.0
outl_loglike[784]   3.12  3.6e-3   0.68   1.63   2.71   3.17   3.58   4.29  35681    1.0
outl_loglike[785]   4.25  2.2e-3   0.33    3.6   4.04   4.25   4.46   4.88  21285    1.0
outl_loglike[786]   3.95  2.4e-3   0.47   2.87   3.68   3.99   4.27   4.75  38642    1.0
outl_loglike[787]   3.88  2.7e-3   0.47   2.85    3.6   3.91    4.2   4.71  30811    1.0
outl_loglike[788]   3.18  3.1e-3   0.62   1.85    2.8   3.22   3.61   4.28  40697    1.0
outl_loglike[789]   3.62  5.0e-3   0.89   1.36   3.25   3.83    4.2   4.74  32389    1.0
outl_loglike[790]   4.02  4.3e-3   0.56   2.62   3.81   4.11   4.36   4.82  17022    1.0
outl_loglike[791]   4.06  3.2e-3   0.49   2.87   3.84   4.13   4.38   4.84  23080    1.0
outl_loglike[792]   4.32  1.9e-3   0.29   3.81   4.12   4.31   4.51   4.92  21535    1.0
outl_loglike[793]   4.25  2.0e-3   0.32   3.64   4.05   4.25   4.46   4.88  24776    1.0
outl_loglike[794]   4.25  2.2e-3   0.32   3.62   4.05   4.25   4.46   4.88  20874    1.0
outl_loglike[795]   4.13  2.1e-3   0.38   3.31   3.91   4.15   4.37   4.82  31430    1.0
outl_loglike[796]   3.87  3.8e-3   0.67   2.15    3.6    4.0   4.29   4.78  31618    1.0
outl_loglike[797]   3.33  3.6e-3   0.79   1.45    2.9   3.44   3.88   4.52  47703    1.0
outl_loglike[798]    4.1  3.0e-3   0.45    3.0   3.89   4.15   4.39   4.84  23094    1.0
outl_loglike[799]  -0.79    0.01   1.79  -4.69  -1.91  -0.62   0.52   2.17  31232    1.0
outl_loglike[800]   4.29  2.0e-3    0.3   3.73   4.09   4.28   4.48    4.9  22640    1.0
outl_loglike[801]   4.01  2.2e-3   0.41   3.14   3.76   4.03   4.28   4.76  34771    1.0
outl_loglike[802]   0.64  6.9e-3   1.36   -2.5  -0.16   0.79   1.61   2.91  38955    1.0
outl_loglike[803]   4.08  3.2e-3   0.47    2.9   3.88   4.14   4.38   4.83  21825    1.0
outl_loglike[804]   4.04  4.3e-3   0.55   2.68   3.84   4.12   4.37   4.82  15973    1.0
outl_loglike[805]   4.08  2.4e-3   0.41   3.17   3.84    4.1   4.35   4.81  30150    1.0
outl_loglike[806]   4.01  2.4e-3   0.44   2.99   3.77   4.06   4.31   4.77  34362    1.0
outl_loglike[807]   4.11  2.6e-3   0.43   3.07   3.91   4.16   4.38   4.83  28396    1.0
outl_loglike[808]   4.12  2.4e-3    0.4   3.23   3.89   4.15   4.38   4.84  27213    1.0
outl_loglike[809]  -2.05    0.01   1.91  -6.07  -3.28  -1.93   -0.7   1.29  23350    1.0
outl_loglike[810]   4.22  2.6e-3   0.35   3.48   4.01   4.23   4.44   4.88  18623    1.0
outl_loglike[811]   3.62  3.8e-3   0.63   2.12    3.3   3.72   4.06   4.58  27601    1.0
outl_loglike[812]   3.54  5.6e-3   0.99   1.05   3.18    3.8   4.17    4.7  31163    1.0
outl_loglike[813]   4.03  2.6e-3   0.46   2.96   3.79   4.08   4.34   4.81  30540    1.0
outl_loglike[814]   4.19  2.2e-3   0.35   3.45   3.98    4.2   4.42   4.86  25740    1.0
outl_loglike[815] -39.31    0.07  11.82 -65.37 -46.61 -38.17 -30.85 -19.27  25520    1.0
outl_loglike[816] -868.3    0.94 114.97  -1118 -939.7 -859.1 -787.0 -668.7  15022    1.0
outl_loglike[817]  -5.42    0.01   1.97  -9.68  -6.61  -5.28  -4.07  -1.95  27737    1.0
outl_loglike[818] -25.14    0.04   6.19 -38.78 -28.96 -24.64 -20.75 -14.51  21849    1.0
outl_loglike[819]   3.52  3.9e-3   0.65   2.06   3.14   3.58   3.98   4.61  28269    1.0
outl_loglike[820]    3.8  2.2e-3   0.42   2.94   3.54   3.82   4.08   4.59  34724    1.0
outl_loglike[821]   2.63  4.5e-3   0.74   1.06   2.17   2.67   3.15   3.98  27035    1.0
outl_loglike[822]   4.19  2.1e-3   0.33   3.55   3.98   4.19   4.41   4.85  24852    1.0
outl_loglike[823]  -5.21    0.01   2.09  -9.73  -6.48  -5.06  -3.79  -1.48  25603    1.0
outl_loglike[824]    4.3  2.0e-3   0.29   3.76    4.1   4.29   4.49   4.91  22241    1.0
outl_loglike[825]  -0.86    0.03   3.93 -10.27  -3.29    0.2   2.23   4.02  20069    1.0
outl_loglike[826]    4.3  2.0e-3    0.3   3.75    4.1   4.29   4.49   4.91  21673    1.0
outl_loglike[827]   4.32  1.9e-3   0.29   3.81   4.13   4.31   4.51   4.92  22017    1.0
outl_loglike[828]   2.32  6.1e-3   1.15  -0.42   1.72   2.49   3.13   4.09  36310    1.0
outl_loglike[829] -24.06    0.04    6.4  -38.3 -27.97 -23.49 -19.54 -13.13  26415    1.0
outl_loglike[830]    4.3  2.0e-3   0.29   3.77    4.1   4.29   4.49   4.91  22072    1.0
outl_loglike[831]  -0.41  8.9e-3   1.63  -3.99   -1.4  -0.27   0.75   2.36  33384    1.0
outl_loglike[832]   3.07  4.3e-3   0.69   1.58   2.64   3.12   3.56    4.3  26220    1.0
outl_loglike[833]   3.65  2.6e-3   0.46    2.7   3.36   3.66   3.96   4.52  31955    1.0
outl_loglike[834]   4.15  2.4e-3   0.39   3.31   3.93   4.17    4.4   4.86  26075    1.0
outl_loglike[835] -13.92    0.03   4.21 -23.15 -16.51 -13.57 -10.89  -6.79  21477    1.0
outl_loglike[836]   4.32  1.9e-3   0.29    3.8   4.12    4.3    4.5   4.91  22394    1.0
outl_loglike[837]   2.69  6.2e-3   0.92   0.67   2.14   2.79   3.34   4.21  21908    1.0
outl_loglike[838]   0.55    0.01   1.54   -2.9  -0.39   0.72   1.66   3.08  21810    1.0
outl_loglike[839]   4.26  2.0e-3   0.31   3.69   4.06   4.26   4.46   4.88  23576    1.0
outl_loglike[840]   3.81  2.3e-3   0.46   2.79   3.53   3.84   4.12   4.63  40731    1.0
outl_loglike[841]   4.32  1.9e-3   0.29    3.8   4.12   4.31    4.5   4.92  22101    1.0
outl_loglike[842]    4.2  2.0e-3   0.33   3.55   3.99   4.21   4.42   4.86  27376    1.0
outl_loglike[843]   1.39  5.3e-3   1.01  -0.82   0.78   1.46   2.08   3.17  36670    1.0
outl_loglike[844]   3.39  3.7e-3   0.73    1.7   2.99   3.49    3.9   4.54  39149    1.0
outl_loglike[845]  -6.12    0.02   2.34 -11.19  -7.54  -5.93  -4.49  -2.04  22815    1.0
outl_loglike[846]    4.3  2.0e-3    0.3   3.76    4.1   4.29   4.49   4.91  21799    1.0
outl_loglike[847]   4.29  2.0e-3    0.3   3.73   4.09   4.29   4.49   4.91  22220    1.0
outl_loglike[848]    4.1  2.3e-3   0.38   3.33   3.86   4.11   4.35   4.82  25687    1.0
outl_loglike[849]   3.96  2.2e-3   0.39   3.15   3.71   3.97   4.22    4.7  30736    1.0
outl_loglike[850]   3.82  3.6e-3   0.67   2.14   3.52   3.96   4.26   4.76  34099    1.0
outl_loglike[851]   1.22  5.6e-3   1.14  -1.38   0.57   1.34   2.01   3.11  41405    1.0
outl_loglike[852]   4.16  2.0e-3   0.33   3.52   3.94   4.16   4.38   4.82  27210    1.0
outl_loglike[853]    4.3  2.0e-3    0.3   3.76    4.1   4.29   4.49   4.91  22232    1.0
outl_loglike[854]  -2.22    0.03   3.45  -9.98  -4.41   -1.8   0.48   2.93  16801    1.0
outl_loglike[855]   4.22  2.1e-3   0.33   3.58   4.01   4.22   4.43   4.87  25046    1.0
outl_loglike[856]   4.25  2.1e-3   0.32   3.63   4.04   4.24   4.46   4.89  22791    1.0
outl_loglike[857]   3.16  4.1e-3   0.89   1.06   2.69    3.3   3.78   4.47  46017    1.0
outl_loglike[858]  -6.55    0.02   3.25 -13.65  -8.55  -6.31  -4.28  -0.85  25683    1.0
outl_loglike[859]   4.26  1.9e-3    0.3   3.71   4.06   4.26   4.46   4.88  26230    1.0
outl_loglike[860]   3.09  3.4e-3   0.74   1.45   2.66   3.16    3.6   4.32  47938    1.0
outl_loglike[861]   4.12  2.3e-3   0.37   3.37   3.89   4.13   4.36   4.82  25382    1.0
outl_loglike[862]    3.3  3.7e-3   0.62   1.96   2.91   3.34   3.74   4.42  29057    1.0
outl_loglike[863]   2.15  6.0e-3   0.99  -0.04   1.56   2.24   2.85   3.85  27349    1.0
outl_loglike[864]   4.25  1.9e-3   0.31   3.67   4.04   4.24   4.45   4.87  24930    1.0
outl_loglike[865]   4.21  1.8e-3   0.32   3.57   4.01   4.21   4.41   4.83  31119    1.0
outl_loglike[866]   4.24  2.1e-3   0.32   3.62   4.03   4.24   4.45   4.88  23957    1.0
outl_loglike[867]  -0.74    0.02   2.48  -6.35   -2.3  -0.38   1.17   3.04  24925    1.0
outl_loglike[868]   4.31  2.0e-3   0.29   3.78    4.1   4.29   4.49   4.91  21465    1.0
outl_loglike[869]   4.29  2.0e-3    0.3   3.73   4.09   4.28   4.48    4.9  22628    1.0
outl_loglike[870]   4.06  2.3e-3   0.44    3.0   3.85   4.11   4.33   4.77  35397    1.0
outl_loglike[871]   3.79  2.9e-3   0.51   2.67   3.48   3.83   4.14   4.69  31494    1.0
outl_loglike[872]   4.24  2.3e-3   0.33   3.57   4.03   4.24   4.45   4.89  21598    1.0
outl_loglike[873]   3.68  4.0e-3   0.68   2.06   3.31   3.78   4.15   4.73  28449    1.0
outl_loglike[874]   1.33  8.0e-3   1.21  -1.37    0.6   1.45   2.19   3.36  22882    1.0
outl_loglike[875]   2.17  4.6e-3   1.01  -0.13   1.59   2.29   2.87   3.79  48504    1.0
outl_loglike[876]   3.98  2.3e-3   0.38   3.21   3.74   3.99   4.24   4.73  27965    1.0
outl_loglike[877]  -5.22    0.01   2.39  -10.4   -6.7  -5.03  -3.56  -1.01  28930    1.0
outl_loglike[878]   3.77  2.2e-3   0.43   2.87    3.5   3.78   4.05   4.57  36412    1.0
outl_loglike[879]   4.16  2.0e-3   0.34   3.47   3.94   4.17   4.39   4.83  29063    1.0
outl_loglike[880]   2.65  3.2e-3   0.68   1.21   2.23   2.69   3.11   3.88  46356    1.0
outl_loglike[881]   3.63  3.0e-3   0.52   2.52   3.31   3.66   3.98   4.56  30865    1.0
outl_loglike[882] -14.52    0.02   3.15 -21.33 -16.43  -14.3 -12.34  -9.02  21225    1.0
outl_loglike[883]   3.01  3.0e-3   0.64   1.64   2.62   3.05   3.45   4.15  46232    1.0
outl_loglike[884] -12.55    0.04   5.17 -23.93 -15.73 -12.08  -8.86  -3.82  16683    1.0
outl_loglike[885]   4.31  1.9e-3   0.29   3.78   4.11   4.29   4.49   4.91  22681    1.0
outl_loglike[886]  -4.77    0.02   2.78 -10.73  -6.51  -4.62  -2.85   0.26  33792    1.0
lp__              -241.1    0.49  46.03 -332.0 -271.7 -240.3 -209.8 -151.7   8778    1.0

Samples were drawn using NUTS at Tue Sep 17 03:48:56 2019.
For each parameter, n_eff is a crude measure of effective sample size,
and Rhat is the potential scale reduction factor on split chains (at 
convergence, Rhat=1).
