Inference for Stan model: anon_model_5d703b856fa2f28cab8159e4abe012f4.
4 chains, each with iter=20000; warmup=10000; thin=1; 
post-warmup draws per chain=10000, total post-warmup draws=40000.

                   mean se_mean     sd   2.5%    25%    50%    75%  97.5%  n_eff   Rhat
MB[1]            -19.43  8.5e-4   0.07 -19.57 -19.47 -19.43  -19.4  -19.3   6388    1.0
coeff_angles[1]    0.73  4.4e-4   0.05   0.64    0.7   0.73   0.76   0.82  10866    1.0
coeff_angles[2]   -0.03  5.9e-4   0.06  -0.15  -0.07  -0.03-3.7e-5   0.08   9628    1.0
coeff_angles[3]    0.09  5.5e-4   0.05  -0.02   0.06   0.09   0.11   0.18   7972    1.0
coeff_angles[4]    0.02  3.6e-4   0.03  -0.05 2.7e-3   0.02   0.04   0.09   9071    1.0
coeff_angles[5]   -0.07  2.8e-4   0.03  -0.13  -0.09  -0.07  -0.05-4.1e-3  13760    1.0
coeff_angles[6]   -0.02  2.8e-4   0.03  -0.07  -0.04  -0.02-1.8e-3   0.04  10394    1.0
coeff_angles[7] -5.6e-3  4.5e-4   0.04  -0.09  -0.03-4.5e-3   0.02   0.07   8090    1.0
coeff_angles[8] -4.6e-4  1.4e-3    0.1   -0.2  -0.07-6.4e-4   0.07    0.2   5055    1.0
sigma_int[1]       0.13  1.6e-4   0.02   0.09   0.12   0.13   0.14   0.17  12810    1.0
outl_frac[1]       0.02  1.0e-4   0.02 2.9e-3   0.01   0.02   0.03   0.07  32320    1.0
coeff[1]            0.9  8.2e-4   0.08   0.74   0.85   0.89   0.94   1.07  10418    1.0
coeff[2]          -0.03  6.0e-4   0.06  -0.15  -0.07  -0.03-3.7e-5   0.08   9514    1.0
coeff[3]           0.09  5.6e-4   0.05  -0.02   0.06   0.09   0.12   0.18   7870    1.0
coeff[4]           0.02  3.7e-4   0.03  -0.05 2.7e-3   0.02   0.04   0.09   9015    1.0
coeff[5]          -0.07  2.8e-4   0.03  -0.14  -0.09  -0.07  -0.05-4.1e-3  13697    1.0
coeff[6]          -0.02  2.8e-4   0.03  -0.07  -0.04  -0.02-1.8e-3   0.04  10322    1.0
coeff[7]        -5.6e-3  4.5e-4   0.04  -0.09  -0.03-4.5e-3   0.02   0.07   8037    1.0
coeff[8]        -4.6e-4  1.5e-3    0.1   -0.2  -0.07-6.4e-4   0.07    0.2   4907    1.0
outl_loglike[1]    5.22  3.7e-3   0.87   3.68    4.6   5.18   5.79   7.05  56673    1.0
outl_loglike[2]     5.2  4.0e-3   0.89   3.64   4.57   5.16   5.77   7.05  50464    1.0
outl_loglike[3]    5.13  4.0e-3   0.92   3.43    4.5   5.09   5.72   6.99  53710    1.0
outl_loglike[4]    5.25  3.8e-3   0.87   3.72   4.62    5.2    5.8   7.06  51669    1.0
outl_loglike[5]    5.05  3.9e-3   0.91   3.41   4.42   5.02   5.64   6.93  54496    1.0
outl_loglike[6]    5.04  3.9e-3   0.93   3.33    4.4   5.01   5.65   6.93  55396    1.0
outl_loglike[7]    5.27  3.6e-3   0.86   3.77   4.66   5.22   5.83   7.08  56642    1.0
outl_loglike[8]     5.3  3.6e-3   0.86   3.82   4.68   5.24   5.85   7.11  55222    1.0
outl_loglike[9]    5.18  3.8e-3   0.88   3.62   4.56   5.13   5.74   7.03  54371    1.0
outl_loglike[10]   5.15  3.9e-3    0.9   3.57   4.53   5.11   5.73    7.0  52031    1.0
outl_loglike[11]   4.86  4.2e-3   0.97   3.07    4.2   4.83    5.5   6.83  54313    1.0
outl_loglike[12]   4.72  4.4e-3   1.02   2.78   4.05   4.71    5.4   6.72  54234    1.0
outl_loglike[13]   5.21  3.8e-3   0.88   3.68   4.59   5.16   5.78   7.05  53078    1.0
outl_loglike[14]   5.27  3.6e-3   0.86   3.76   4.65   5.22   5.82   7.08  56202    1.0
outl_loglike[15]   5.16  4.0e-3   0.91   3.53   4.54   5.13   5.75   7.03  52154    1.0
outl_loglike[16]   5.21  3.7e-3   0.89   3.64   4.58   5.17   5.79   7.06  56677    1.0
outl_loglike[17]   5.11    0.03   1.57    3.5   4.52    5.1   5.73    7.0   2248    1.0
outl_loglike[18]   5.22  4.0e-3   0.88   3.66   4.59   5.17   5.79   7.05  49284    1.0
outl_loglike[19]   4.62  6.0e-3   1.17    2.3   3.95   4.66   5.37   6.72  37951    1.0
outl_loglike[20]    5.0  4.9e-3    1.0   3.08   4.37    5.0   5.65   6.95  42313    1.0
outl_loglike[21]   5.25  3.7e-3   0.87   3.74   4.63    5.2   5.82   7.08  55638    1.0
outl_loglike[22]   5.27  3.7e-3   0.86   3.78   4.65   5.22   5.83   7.08  54488    1.0
outl_loglike[23]   5.25  3.7e-3   0.86   3.76   4.63    5.2   5.81   7.07  55687    1.0
outl_loglike[24]   5.18  3.9e-3   0.89   3.59   4.55   5.13   5.75   7.03  52931    1.0
outl_loglike[25]   5.26  3.9e-3   0.86   3.78   4.64   5.21   5.81   7.08  48422    1.0
outl_loglike[26]   5.12  3.8e-3    0.9   3.52   4.49   5.08    5.7   6.98  55515    1.0
outl_loglike[27]    5.0  3.9e-3   0.91   3.35   4.37   4.97   5.59   6.91  53736    1.0
outl_loglike[28]   1.98    0.05   3.56  -5.28   1.06    2.6   3.76   5.67   4238    1.0
outl_loglike[29]   5.22  3.8e-3   0.88   3.69    4.6   5.18    5.8   7.07  54894    1.0
outl_loglike[30]   5.13  3.8e-3   0.89   3.56   4.51   5.09   5.71   6.97  55000    1.0
outl_loglike[31]   5.04  3.9e-3   0.91   3.41    4.4    5.0   5.63   6.93  55415    1.0
outl_loglike[32]    5.3  3.5e-3   0.85   3.83   4.68   5.25   5.85   7.11  58121    1.0
outl_loglike[33]   5.11  4.2e-3   0.93   3.38   4.48   5.08   5.71   6.99  50083    1.0
outl_loglike[34]   5.05  4.0e-3   0.94   3.33   4.41   5.02   5.66   6.97  54398    1.0
outl_loglike[35]   5.12  3.8e-3    0.9   3.52   4.48   5.07   5.71   6.97  56819    1.0
outl_loglike[36]   4.91  4.0e-3   0.94   3.21   4.26   4.89   5.52   6.83  54489    1.0
outl_loglike[37]   5.29  3.6e-3   0.86    3.8   4.67   5.24   5.85    7.1  57122    1.0
outl_loglike[38]   5.23  3.7e-3   0.87   3.71   4.61   5.18   5.79   7.05  56225    1.0
outl_loglike[39]    5.0  4.1e-3   0.95   3.21   4.35   4.97   5.61   6.93  53142    1.0
outl_loglike[40]   4.92  4.2e-3   0.98   3.06   4.27   4.91   5.57   6.87  53021    1.0
outl_loglike[41]   4.87  4.6e-3   1.02   2.83   4.21   4.87   5.54   6.84  48603    1.0
outl_loglike[42]   4.68  4.6e-3   1.05   2.59    4.0   4.69   5.38   6.71  51691    1.0
outl_loglike[43]   5.28  3.6e-3   0.86    3.8   4.67   5.23   5.84    7.1  55474    1.0
outl_loglike[44]   4.49    0.02   1.47   1.99   3.82   4.57    5.3   6.69   5146    1.0
outl_loglike[45]   4.43  4.9e-3   1.12   2.21   3.71   4.44   5.16    6.6  51258    1.0
outl_loglike[46]   4.89  4.2e-3   0.98   3.03   4.23   4.87   5.53   6.85  54085    1.0
outl_loglike[47]  -7.04    0.08   6.06 -19.76  -9.23  -6.17  -3.66   1.04   6282    1.0
outl_loglike[48]   4.76  4.2e-3   0.96   2.98    4.1   4.73   5.39   6.74  53726    1.0
outl_loglike[49]   4.93  4.3e-3   0.94   3.18   4.28    4.9   5.54   6.85  49085    1.0
outl_loglike[50]   5.22  3.7e-3   0.86   3.72    4.6   5.17   5.77   7.04  55535    1.0
outl_loglike[51]   0.75    0.03   3.29  -6.77  -0.62   1.37    2.8   5.04  15965    1.0
outl_loglike[52]   5.29  3.6e-3   0.86   3.81   4.68   5.24   5.84    7.1  57570    1.0
outl_loglike[53]   5.21  3.7e-3   0.89   3.64   4.58   5.17   5.79   7.06  56496    1.0
outl_loglike[54]   5.28  3.6e-3   0.86    3.8   4.66   5.23   5.84    7.1  56772    1.0
outl_loglike[55]   3.94  5.9e-3   1.29   1.29   3.17    4.0   4.79   6.25  48238    1.0
outl_loglike[56]    4.7  4.3e-3   0.99   2.84   4.03   4.67   5.34    6.7  51534    1.0
outl_loglike[57]    5.2  3.8e-3   0.88   3.65   4.58   5.16   5.77   7.04  54724    1.0
outl_loglike[58]   4.98  5.2e-3   1.12   2.78   4.36   5.01   5.67   6.96  46002    1.0
outl_loglike[59]   5.26  3.6e-3   0.86   3.79   4.65   5.21   5.82   7.07  57336    1.0
outl_loglike[60]   3.59  6.8e-3   1.47   0.45   2.78   3.68   4.55   6.11  46275    1.0
outl_loglike[61]   5.13  3.8e-3    0.9   3.51   4.49    5.1   5.72    7.0  55915    1.0
outl_loglike[62]   5.15  3.8e-3    0.9   3.54   4.53   5.12   5.74   7.02  56736    1.0
outl_loglike[63]   5.27  3.6e-3   0.86   3.78   4.65   5.22   5.83   7.08  55940    1.0
outl_loglike[64]   5.18  3.7e-3   0.88   3.63   4.56   5.13   5.74   7.02  55825    1.0
outl_loglike[65]   4.53  4.7e-3   1.07    2.4   3.84   4.53   5.23    6.6  51195    1.0
outl_loglike[66]   2.43    0.02   2.27  -2.46   1.53   2.72   3.76    5.6   9522    1.0
outl_loglike[67]    5.2  3.8e-3   0.89   3.61   4.57   5.16   5.77   7.03  54915    1.0
outl_loglike[68]   5.22  3.8e-3   0.88   3.66   4.59   5.17   5.79   7.05  54914    1.0
outl_loglike[69]    5.3  3.6e-3   0.85   3.82   4.68   5.24   5.85    7.1  55232    1.0
outl_loglike[70]   5.24  3.7e-3   0.87   3.72   4.62   5.19    5.8   7.07  55909    1.0
outl_loglike[71]   5.19  3.8e-3   0.88   3.65   4.56   5.14   5.75   7.03  54960    1.0
outl_loglike[72]   4.28  5.6e-3   1.22   1.79   3.53   4.33   5.09   6.55  48214    1.0
outl_loglike[73]   5.27  3.7e-3   0.86   3.77   4.65   5.22   5.82   7.08  55481    1.0
outl_loglike[74]   5.05  4.8e-3   1.02   3.12   4.43   5.05   5.69   6.98  44533    1.0
outl_loglike[75]   5.28  3.6e-3   0.86   3.78   4.67   5.23   5.84    7.1  56035    1.0
outl_loglike[76]   4.52  5.9e-3   1.27   1.81   3.83    4.6   5.34   6.72  46670    1.0
outl_loglike[77]   5.23  3.7e-3   0.87   3.71   4.61   5.18   5.79   7.06  55021    1.0
outl_loglike[78]   4.19  5.8e-3   1.23   1.64   3.45   4.25   5.01   6.45  46031    1.0
outl_loglike[79]   3.34  9.0e-3   1.79  -0.63   2.52   3.54   4.44   6.07  39036    1.0
outl_loglike[80]   5.07  4.0e-3   0.94   3.35   4.43   5.04   5.68   6.97  55325    1.0
outl_loglike[81]   5.23  3.6e-3   0.86   3.73   4.61   5.18   5.78   7.05  56066    1.0
outl_loglike[82]   5.29  3.7e-3   0.86    3.8   4.67   5.24   5.85    7.1  52907    1.0
outl_loglike[83]   5.02  4.7e-3   1.03   2.97    4.4   5.02   5.67   6.97  48410    1.0
outl_loglike[84]   4.81  4.5e-3   1.02   2.87   4.15    4.8   5.47    6.8  51500    1.0
outl_loglike[85]   4.96  4.0e-3   0.93   3.26   4.32   4.92   5.57   6.88  54415    1.0
outl_loglike[86]   5.24  3.7e-3   0.87   3.72   4.62   5.19   5.81   7.05  56195    1.0
outl_loglike[87]   4.12    0.01   1.41   1.45   3.36   4.19   4.99   6.49  11141    1.0
outl_loglike[88]   5.13  3.9e-3   0.92   3.47   4.49   5.09   5.72   7.01  55166    1.0
outl_loglike[89]   4.47  6.9e-3   1.43   1.48   3.81    4.6   5.32   6.73  43489    1.0
outl_loglike[90]   4.03  6.1e-3   1.32    1.3   3.25   4.09   4.89   6.42  47381    1.0
lp__              45.66    0.57  29.72 -10.28  25.71  44.92  64.55 106.55   2750    1.0

Samples were drawn using NUTS at Sat Sep 14 03:08:13 2019.
For each parameter, n_eff is a crude measure of effective sample size,
and Rhat is the potential scale reduction factor on split chains (at 
convergence, Rhat=1).
