Inference for Stan model: anon_model_5d703b856fa2f28cab8159e4abe012f4.
4 chains, each with iter=20000; warmup=10000; thin=1; 
post-warmup draws per chain=10000, total post-warmup draws=40000.

                    mean se_mean     sd   2.5%    25%    50%    75%  97.5%  n_eff   Rhat
MB[1]             -19.44  5.8e-5   0.01 -19.46 -19.45 -19.44 -19.44 -19.42  33105    1.0
coeff_angles[1]     0.72  1.2e-4   0.02   0.68   0.71   0.72   0.73   0.75  24882    1.0
coeff_angles[2]     0.04  4.2e-5 7.0e-3   0.03   0.04   0.04   0.05   0.06  27811    1.0
coeff_angles[3]    -0.04  1.0e-4   0.01  -0.07  -0.05  -0.04  -0.03  -0.01  19408    1.0
sigma_int[1]        0.13  5.1e-5 7.3e-3   0.12   0.12   0.13   0.13   0.14  20311    1.0
outl_frac[1]        0.06  8.7e-5   0.02   0.03   0.05   0.06   0.07   0.09  30116    1.0
coeff[1]            0.88  2.0e-4   0.03   0.81   0.86   0.88    0.9   0.93  25023    1.0
coeff[2]            0.04  4.2e-5 7.0e-3   0.03   0.04   0.04   0.05   0.06  27810    1.0
coeff[3]           -0.04  1.0e-4   0.01  -0.07  -0.05  -0.04  -0.03  -0.01  19407    1.0
outl_loglike[1]     3.22  5.3e-3   0.71   1.53   3.04   3.35   3.61   4.06  17869    1.0
outl_loglike[2]     3.82  2.1e-3   0.39   2.98    3.6   3.85   4.08   4.52  34777    1.0
outl_loglike[3]     3.46  9.3e-3    1.2   1.23   3.32    3.7   3.96   4.42  16700    1.0
outl_loglike[4]     3.62  7.9e-3   1.02   1.59   3.46   3.82   4.07   4.52  16737    1.0
outl_loglike[5]     3.67  6.6e-3   0.86    1.7   3.49   3.84    4.1   4.54  17339    1.0
outl_loglike[6]     3.79  4.2e-3   0.58   2.34   3.61    3.9   4.13   4.56  18827    1.0
outl_loglike[7]     3.41  8.2e-3    1.0   1.22   3.25   3.62   3.88   4.33  14764    1.0
outl_loglike[8]     3.53  8.7e-3   1.12   1.35    3.4   3.76   4.02   4.47  16324    1.0
outl_loglike[9]     3.53  8.1e-3   1.04   1.37   3.38   3.75   4.01   4.46  16559    1.0
outl_loglike[10]    3.81  3.8e-3   0.56   2.41   3.62    3.9   4.13   4.56  21152    1.0
outl_loglike[11]    3.34  9.7e-3   1.42  -0.02   3.13   3.72   4.03   4.51  21412    1.0
outl_loglike[12]     3.5  9.2e-3   1.16   1.25   3.37   3.74   3.99   4.44  15964    1.0
outl_loglike[13]    3.45  9.4e-3   1.11   1.18   3.31   3.68   3.94   4.39  13999    1.0
outl_loglike[14]    3.54  8.1e-3   1.06   1.34   3.38   3.75   4.01   4.47  16928    1.0
outl_loglike[15]    3.67  6.1e-3   0.81   1.84    3.5   3.84   4.08   4.54  17574    1.0
outl_loglike[16]    3.93  2.5e-3   0.39    3.0   3.74   3.97   4.18    4.6  24064    1.0
outl_loglike[17]    3.54    0.01   1.26   1.04   3.41    3.8   4.06   4.51  15545    1.0
outl_loglike[18]     3.3  8.2e-3   0.99   1.19   3.15   3.51   3.77   4.23  14650    1.0
outl_loglike[19]    3.46    0.01   1.22   1.12   3.33   3.71   3.98   4.43  14203    1.0
outl_loglike[20]    3.89  2.4e-3   0.42   2.87   3.69   3.93   4.15   4.58  29801    1.0
outl_loglike[21]    3.64  7.6e-3   0.98   1.59   3.48   3.83   4.09   4.54  16753    1.0
outl_loglike[22]    3.41  9.2e-3   1.07   1.24   3.26   3.62   3.88   4.34  13674    1.0
outl_loglike[23]    3.45    0.01   1.54   0.54   3.36   3.78   4.05   4.51  15166    1.0
outl_loglike[24]    2.88  4.0e-3   0.83   0.93   2.42   2.99   3.47   4.16  41913    1.0
outl_loglike[25]     3.5  2.1e-3   0.41   2.62   3.24   3.52   3.78   4.27  39548    1.0
outl_loglike[26]    3.91  2.8e-3   0.42    2.9   3.72   3.96   4.17    4.6  22827    1.0
outl_loglike[27]    3.49    0.01   1.25   1.12   3.37   3.75   4.01   4.46  14717    1.0
outl_loglike[28]    3.57  8.4e-3    1.1   1.42   3.42   3.79   4.05    4.5  17220    1.0
outl_loglike[29]    3.51  9.2e-3   1.14   1.26   3.37   3.74    4.0   4.45  15232    1.0
outl_loglike[30]    4.11  1.5e-3   0.26   3.67   3.92   4.09   4.28   4.67  31135    1.0
outl_loglike[31]    3.45  8.4e-3   1.07   1.33   3.29   3.66   3.92   4.38  16200    1.0
outl_loglike[32]    4.07  1.5e-3   0.27    3.6   3.88   4.06   4.24   4.64  32582    1.0
outl_loglike[33]    3.62  8.2e-3   0.99   1.57   3.47   3.83   4.08   4.52  14630    1.0
outl_loglike[34]    3.72  6.2e-3   0.75   1.94   3.55   3.87   4.11   4.56  14724    1.0
outl_loglike[35]    3.48    0.01    1.3   1.04   3.35   3.74    4.0   4.46  15016    1.0
outl_loglike[36]    3.19  5.4e-3   0.69   1.54   3.01   3.32   3.57   4.02  15930    1.0
outl_loglike[37]    3.82  3.4e-3   0.52   2.49   3.63   3.91   4.14   4.58  24171    1.0
outl_loglike[38]    3.13  7.0e-3   0.93    1.0   2.97   3.33   3.59   4.05  17635    1.0
outl_loglike[39]    3.37    0.02   1.89   0.12   3.31   3.75   4.02   4.48  15118    1.0
outl_loglike[40]    3.54  2.7e-3   0.55   2.24   3.24   3.61   3.92   4.42  41221    1.0
outl_loglike[41]    3.62  7.4e-3   1.01   1.46   3.46   3.82   4.08   4.53  18630    1.0
outl_loglike[42]    3.54  8.8e-3   1.06   1.39   3.39   3.76   4.01   4.46  14291    1.0
outl_loglike[43]    3.66  7.2e-3   0.91    1.7    3.5   3.84   4.09   4.55  15853    1.0
outl_loglike[44]    3.89  2.2e-3    0.4   2.99   3.68   3.92   4.14   4.58  33140    1.0
outl_loglike[45]    3.12    0.01   1.51   0.01   3.02   3.45   3.73    4.2  17857    1.0
outl_loglike[46]    1.76  3.7e-3   0.71   0.22   1.32   1.81   2.25   3.02  37474    1.0
outl_loglike[47]    3.35  8.8e-3   1.08   1.12    3.2   3.58   3.84   4.29  15101    1.0
outl_loglike[48]    3.16  5.2e-3   0.73   1.36   2.98    3.3   3.56   4.02  19201    1.0
outl_loglike[49]    3.82  2.2e-3   0.43   2.81   3.61   3.87    4.1   4.54  37090    1.0
outl_loglike[50]    3.93  2.4e-3   0.39   2.99   3.74   3.96   4.17    4.6  27641    1.0
outl_loglike[51]    3.22  6.7e-3   0.85   1.22   3.05   3.39   3.65   4.11  16261    1.0
outl_loglike[52]    3.63  7.7e-3   0.97    1.6   3.47   3.82   4.08   4.52  16201    1.0
outl_loglike[53]    3.63  7.4e-3   0.91   1.62   3.47   3.82   4.08   4.53  14793    1.0
outl_loglike[54]    3.19  7.8e-3   0.99   1.03   3.03   3.39   3.65   4.12  15973    1.0
outl_loglike[55]    3.42  9.3e-3   1.11   1.22   3.28   3.65   3.91   4.37  14244    1.0
outl_loglike[56]    3.41  9.0e-3   1.07   1.27   3.26   3.62   3.88   4.33  14053    1.0
outl_loglike[57]    4.09  1.5e-3   0.27   3.62    3.9   4.07   4.26   4.66  30995    1.0
outl_loglike[58]    3.85  2.4e-3   0.44   2.81   3.64    3.9   4.13   4.57  32437    1.0
outl_loglike[59]    3.85  3.4e-3   0.49   2.62   3.66   3.92   4.15   4.58  21032    1.0
outl_loglike[60]    3.31  5.1e-3   0.95   0.91   2.95   3.55   3.93   4.43  35433    1.0
outl_loglike[61]     3.6  7.6e-3   0.96   1.53   3.44    3.8   4.05    4.5  15980    1.0
outl_loglike[62]    3.59  2.7e-3   0.54   2.36   3.29   3.66   3.96   4.46  39088    1.0
outl_loglike[63]    4.02  2.0e-3   0.32   3.36   3.83   4.02   4.22   4.63  25737    1.0
outl_loglike[64]    3.49  5.2e-3   0.88   1.21   3.19   3.72   4.03    4.5  29111    1.0
outl_loglike[65]    2.76  2.4e-3   0.43   1.77   2.54   2.79   3.03   3.49  31540    1.0
outl_loglike[66]    3.93  2.6e-3    0.4   2.99   3.74   3.97   4.18    4.6  24053    1.0
outl_loglike[67]     3.9  3.0e-3   0.44   2.83   3.71   3.95   4.17   4.59  21693    1.0
outl_loglike[68]    3.64  7.8e-3   0.97    1.7   3.48   3.83   4.08   4.53  15688    1.0
outl_loglike[69]     3.6  3.0e-3   0.57   2.22   3.32    3.7   3.99   4.47  36928    1.0
outl_loglike[70]    3.84  3.4e-3   0.52   2.54   3.65   3.92   4.15   4.58  22640    1.0
outl_loglike[71]    3.98  2.2e-3   0.35   3.22   3.79    4.0    4.2   4.61  24937    1.0
outl_loglike[72]    3.42  7.6e-3   0.95   1.35   3.26   3.61   3.86   4.32  15553    1.0
outl_loglike[73]    3.67  4.0e-3   0.69   1.89   3.45   3.82   4.08   4.53  28727    1.0
outl_loglike[74]    3.58  9.0e-3   1.06   1.48   3.42   3.79   4.04   4.49  13938    1.0
outl_loglike[75]     3.7  6.0e-3   0.77    1.9   3.53   3.86    4.1   4.55  16493    1.0
outl_loglike[76]    2.81    0.02    2.5  -4.81   2.68   3.55   3.96   4.47  18580    1.0
outl_loglike[77]     3.7  5.5e-3   0.73   1.93   3.52   3.85   4.09   4.54  17273    1.0
outl_loglike[78]    3.59  8.1e-3   1.09   1.26   3.44   3.82   4.08   4.53  18082    1.0
outl_loglike[79]    3.37  7.7e-3   1.25   0.28   3.12   3.71   4.03   4.51  26221    1.0
outl_loglike[80]    3.29  3.0e-3    0.6   1.92   2.94   3.36   3.72   4.27  41331    1.0
outl_loglike[81]    3.82  4.1e-3   0.55   2.44   3.63   3.91   4.14   4.57  18524    1.0
outl_loglike[82]    3.54  9.4e-3   1.12   1.25    3.4   3.78   4.03   4.48  14399    1.0
outl_loglike[83]    3.71  5.9e-3   0.76   1.95   3.54   3.86   4.11   4.55  16680    1.0
outl_loglike[84]    3.28  6.5e-3   0.81   1.42    3.1   3.44    3.7   4.16  15537    1.0
outl_loglike[85]    2.84  2.6e-3   0.52   1.78   2.52   2.86   3.19   3.81  38510    1.0
outl_loglike[86]     3.3  8.9e-3   1.08   1.07   3.15   3.52   3.78   4.24  14951    1.0
outl_loglike[87]     3.3  6.7e-3   0.86   1.42   3.13   3.47   3.73   4.18  16659    1.0
outl_loglike[88]    3.51  9.4e-3   1.21    1.2   3.37   3.75    4.0   4.46  16473    1.0
outl_loglike[89]    3.16  7.0e-3   0.92   1.17   2.99   3.35   3.61   4.08  17382    1.0
outl_loglike[90]    3.41  8.9e-3   1.17   1.04   3.28   3.66   3.92   4.38  17514    1.0
outl_loglike[91]    3.68  6.0e-3   0.81   1.82   3.51   3.84   4.09   4.54  18313    1.0
outl_loglike[92]    3.59  7.0e-3   0.87   1.58   3.43   3.76   4.01   4.46  15104    1.0
outl_loglike[93]    3.66  6.4e-3   0.86   1.64   3.48   3.84    4.1   4.55  17794    1.0
outl_loglike[94]    3.53  3.2e-3   0.63   1.99   3.21   3.64   3.96   4.46  39024    1.0
outl_loglike[95]    3.46  2.1e-3   0.41    2.6   3.21   3.48   3.74   4.21  39307    1.0
outl_loglike[96]    4.07  1.6e-3   0.27   3.58   3.88   4.06   4.25   4.65  31056    1.0
outl_loglike[97]    3.67  6.6e-3   0.85   1.74    3.5   3.85   4.09   4.54  16492    1.0
outl_loglike[98]    3.46  8.8e-3    1.1    1.3   3.31   3.68   3.94   4.39  15848    1.0
outl_loglike[99]    3.45  9.2e-3   1.15   1.22   3.31   3.68   3.94    4.4  15406    1.0
outl_loglike[100]   3.47  9.0e-3   1.14   1.28   3.31   3.69   3.95    4.4  15809    1.0
outl_loglike[101]   3.82  4.1e-3   0.54   2.44   3.64   3.91   4.14   4.58  17412    1.0
outl_loglike[102]   3.48  9.7e-3   1.24   1.01   3.34   3.73    4.0   4.45  16330    1.0
outl_loglike[103]    3.8  3.9e-3   0.57   2.33   3.61    3.9   4.13   4.57  21844    1.0
outl_loglike[104]   3.28  8.6e-3   1.13   0.83   3.14   3.53    3.8   4.26  17324    1.0
outl_loglike[105]   2.58  5.1e-3   1.05   0.05   2.05   2.76   3.32   4.08  41656    1.0
outl_loglike[106]   1.68  5.2e-3   0.99  -0.52    1.1   1.77   2.37   3.35  36141    1.0
outl_loglike[107]    3.8  4.4e-3   0.57    2.4   3.62    3.9   4.14   4.57  16929    1.0
outl_loglike[108]   4.03  1.8e-3    0.3   3.42   3.84   4.03   4.22   4.63  28743    1.0
outl_loglike[109]   3.47  7.8e-3   0.93   1.42   3.31   3.66   3.92   4.38  14313    1.0
outl_loglike[110]   3.02  4.2e-3   0.59   1.57   2.83   3.12   3.36   3.82  20114    1.0
outl_loglike[111]   2.96  4.7e-3    0.7   1.21   2.77    3.1   3.35   3.82  22242    1.0
outl_loglike[112]   3.97  2.1e-3   0.36   3.16   3.77   3.98   4.19    4.6  27477    1.0
outl_loglike[113]   3.06  6.7e-3   0.91   0.94   2.88   3.25   3.52   3.98  18175    1.0
outl_loglike[114]   3.87  1.6e-3   0.29   3.33   3.66   3.85   4.06   4.47  35302    1.0
outl_loglike[115]   3.87  2.3e-3   0.42   2.88   3.66   3.91   4.14   4.58  32885    1.0
outl_loglike[116]   3.48  2.8e-3   0.57   2.14   3.16   3.56   3.87   4.39  41782    1.0
outl_loglike[117]   3.64  6.7e-3   0.96   1.58   3.47   3.84   4.09   4.54  20156    1.0
outl_loglike[118]   3.69  2.4e-3   0.41   2.82   3.43   3.71   3.97   4.45  29362    1.0
outl_loglike[119]    4.0  2.1e-3   0.33    3.3   3.81   4.01   4.21   4.62  24124    1.0
outl_loglike[120]   3.41  9.5e-3    1.1   1.13   3.27   3.64    3.9   4.35  13605    1.0
outl_loglike[121]   3.44  9.5e-3   1.15   1.24    3.3   3.66   3.92   4.38  14592    1.0
outl_loglike[122]   3.22  6.5e-3   0.81   1.33   3.05   3.38   3.63    4.1  15661    1.0
outl_loglike[123]   3.32    0.01   1.74  -0.75   3.21   3.75   4.04   4.51  19556    1.0
outl_loglike[124]   3.49  9.8e-3   1.18   1.25   3.35   3.73   3.99   4.45  14616    1.0
outl_loglike[125]   3.88  3.2e-3   0.46   2.74   3.69   3.94   4.16   4.58  21043    1.0
outl_loglike[126]   3.13  5.5e-3   0.74   1.34   2.95   3.28   3.53   3.99  17925    1.0
outl_loglike[127]   3.91  2.0e-3   0.36   3.11    3.7   3.93   4.15   4.56  34593    1.0
outl_loglike[128]   2.76  5.2e-3   1.04   0.21   2.25   2.95    3.5   4.21  39547    1.0
outl_loglike[129]   3.35  9.3e-3   1.12   1.08    3.2   3.58   3.84    4.3  14597    1.0
outl_loglike[130]   3.81  3.8e-3   0.56   2.42   3.62    3.9   4.14   4.57  21670    1.0
outl_loglike[131]   3.55  9.6e-3   1.15   1.38   3.41   3.78   4.04    4.5  14417    1.0
outl_loglike[132]   3.26  6.2e-3   0.78    1.4   3.08   3.41   3.66   4.13  15718    1.0
outl_loglike[133]    3.7  5.9e-3   0.79   1.84   3.53   3.86    4.1   4.55  18212    1.0
outl_loglike[134]   3.51  8.9e-3   1.18   1.25   3.38   3.75   4.01   4.47  17413    1.0
outl_loglike[135]   3.78  4.5e-3   0.61   2.27    3.6   3.89   4.13   4.57  18108    1.0
outl_loglike[136]   3.62  8.1e-3   1.02   1.59   3.47   3.82   4.08   4.52  16060    1.0
outl_loglike[137]   3.82  3.8e-3   0.54   2.44   3.62   3.91   4.14   4.57  19784    1.0
outl_loglike[138]   3.52  9.4e-3   1.12   1.35   3.38   3.75    4.0   4.45  14311    1.0
outl_loglike[139]   3.59  9.8e-3   1.17   1.33   3.45   3.82   4.08   4.53  14397    1.0
outl_loglike[140]   3.92  2.1e-3   0.38   3.04   3.72   3.95   4.17    4.6  32318    1.0
outl_loglike[141]   3.89  2.5e-3   0.43   2.86   3.69   3.93   4.15   4.59  29676    1.0
outl_loglike[142]   3.77  4.3e-3    0.6   2.23   3.58   3.88   4.12   4.56  19294    1.0
outl_loglike[143]   3.69  3.8e-3   0.64   2.05   3.45   3.82   4.08   4.54  29014    1.0
outl_loglike[144]   3.74  5.1e-3   0.67   2.07   3.56   3.88   4.12   4.56  17025    1.0
outl_loglike[145]   3.46    0.01    1.4   0.91   3.35   3.74    4.0   4.46  14980    1.0
outl_loglike[146]   3.28    0.01   1.75-1.3e-3   3.21   3.64   3.92   4.38  15896    1.0
outl_loglike[147]   3.98  2.3e-3   0.35   3.19   3.78    4.0    4.2   4.61  24352    1.0
outl_loglike[148]   3.33  8.3e-3   1.02    1.2   3.17   3.53   3.79   4.25  14853    1.0
outl_loglike[149]   3.33  9.2e-3    1.1   1.06   3.19   3.55   3.81   4.27  14233    1.0
outl_loglike[150]   3.47    0.01   1.33   1.04   3.35   3.73   3.99   4.45  15678    1.0
outl_loglike[151]   3.42  8.3e-3   1.05   1.32   3.26   3.62   3.88   4.35  15966    1.0
outl_loglike[152]   2.93  2.8e-3   0.42   1.94   2.73   2.96   3.19   3.64  21583    1.0
outl_loglike[153]    4.0  1.7e-3   0.31   3.38   3.81    4.0    4.2   4.61  32866    1.0
outl_loglike[154]   3.81  3.7e-3   0.55   2.45   3.62    3.9   4.13   4.56  21745    1.0
outl_loglike[155]   3.48  8.7e-3   1.09   1.31   3.34   3.69   3.95    4.4  15931    1.0
outl_loglike[156]   3.36  4.7e-3   0.89    1.1    3.0   3.58   3.93   4.45  35759    1.0
outl_loglike[157]   3.15    0.02   2.08  -1.24   3.13    3.6   3.89   4.35  17278    1.0
outl_loglike[158]   3.16  6.3e-3   0.83   1.19   2.98   3.33   3.58   4.05  17121    1.0
outl_loglike[159]   3.81  3.6e-3   0.54   2.44   3.62   3.91   4.14   4.57  22349    1.0
outl_loglike[160]   3.66  2.3e-3   0.46   2.62    3.4   3.71   3.97   4.45  40353    1.0
outl_loglike[161]   3.67  6.2e-3    0.8   1.73   3.51   3.84   4.09   4.53  16768    1.0
outl_loglike[162]   3.64  6.8e-3   0.88   1.71   3.48   3.82   4.08   4.52  16866    1.0
outl_loglike[163]   3.45  9.0e-3   1.12   1.17   3.31   3.67   3.94   4.39  15547    1.0
outl_loglike[164]   3.41  3.0e-3   0.64   1.89   3.06   3.51   3.85   4.38  45565    1.0
outl_loglike[165]    4.0  1.7e-3    0.3   3.41    3.8   3.99    4.2   4.62  31821    1.0
outl_loglike[166]   2.95  5.3e-3    0.8   0.94   2.75   3.13   3.39   3.87  22299    1.0
outl_loglike[167]   3.26  9.0e-3   1.15   0.93   3.13    3.5   3.76   4.22  16536    1.0
outl_loglike[168]   3.28  3.6e-3   0.73    1.5    2.9   3.41    3.8   4.35  42211    1.0
outl_loglike[169]   1.73  6.5e-3    1.3  -1.48   1.07   1.94   2.65   3.66  39664    1.0
outl_loglike[170]   3.68  2.6e-3   0.51   2.46   3.41   3.75   4.03    4.5  37524    1.0
outl_loglike[171]    3.6  8.5e-3   1.07   1.47   3.45   3.82   4.08   4.52  15818    1.0
outl_loglike[172]   3.99  2.2e-3   0.34   3.27    3.8    4.0   4.21   4.61  23908    1.0
outl_loglike[173]   3.99  2.1e-3   0.33   3.27    3.8    4.0   4.21   4.62  24444    1.0
outl_loglike[174]   3.45  8.9e-3    1.1   1.24    3.3   3.67   3.93   4.39  15459    1.0
outl_loglike[175]   3.55  9.9e-3   1.18   1.32   3.41   3.78   4.04   4.49  14394    1.0
outl_loglike[176]   3.78  2.1e-3   0.41   2.85   3.55   3.81   4.06   4.51  37758    1.0
outl_loglike[177]   3.65  7.0e-3   0.89   1.69   3.48   3.84   4.09   4.54  16025    1.0
outl_loglike[178]   3.68  6.2e-3   0.83   1.78   3.51   3.85    4.1   4.53  17748    1.0
outl_loglike[179]   3.65  7.0e-3   0.89   1.68   3.48   3.83   4.08   4.53  16232    1.0
outl_loglike[180]   3.74  4.3e-3   0.64   2.14   3.55   3.86    4.1   4.55  22574    1.0
outl_loglike[181]   4.11  1.5e-3   0.26   3.66   3.92   4.09   4.28   4.68  30522    1.0
outl_loglike[182]   3.63  7.7e-3   0.95   1.58   3.47   3.82   4.08   4.53  15281    1.0
outl_loglike[183]   3.99  1.8e-3   0.31   3.36    3.8   3.99   4.19    4.6  31929    1.0
outl_loglike[184]   3.43    0.01    1.4   0.87   3.32   3.72   3.98   4.44  16377    1.0
outl_loglike[185]    3.6  8.4e-3   1.04   1.49   3.45   3.81   4.06   4.52  15387    1.0
outl_loglike[186]   3.23  6.8e-3   0.82   1.28   3.06    3.4   3.66   4.11  14357    1.0
outl_loglike[187]    3.2  5.4e-3   0.72    1.5   3.02   3.34   3.59   4.05  17391    1.0
outl_loglike[188]   2.93  4.7e-3    0.7   1.18   2.73   3.07   3.32   3.79  22070    1.0
outl_loglike[189]   3.46  8.2e-3   1.02   1.34   3.31   3.67   3.93   4.38  15251    1.0
outl_loglike[190]   3.85  3.2e-3   0.49   2.63   3.66   3.92   4.15   4.58  22932    1.0
outl_loglike[191]   3.58  9.2e-3   1.12   1.48   3.43   3.79   4.05   4.49  14767    1.0
outl_loglike[192]   3.99  1.9e-3   0.33    3.3   3.79    4.0    4.2   4.62  31070    1.0
outl_loglike[193]   3.64  7.2e-3   0.93   1.64   3.49   3.83   4.09   4.53  16523    1.0
outl_loglike[194]   3.45    0.01   1.23   1.19   3.31   3.69   3.95    4.4  14300    1.0
outl_loglike[195]   3.74  3.5e-3   0.59   2.22   3.51   3.85    4.1   4.55  28462    1.0
outl_loglike[196]   3.33    0.02   1.94  -0.16   3.29   3.73    4.0   4.46  15529    1.0
outl_loglike[197]   3.69  4.1e-3   0.68   1.91   3.47   3.84    4.1   4.54  27004    1.0
outl_loglike[198]   3.82  2.8e-3    0.5   2.55   3.62    3.9   4.13   4.57  32199    1.0
outl_loglike[199]   3.98  1.6e-3   0.29   3.44   3.77   3.96   4.16   4.58  33884    1.0
outl_loglike[200]   3.64  7.6e-3   0.94   1.61   3.48   3.84   4.09   4.54  15229    1.0
outl_loglike[201]   3.92  2.4e-3    0.4   2.96   3.72   3.96   4.17    4.6  27675    1.0
outl_loglike[202]   3.55  9.1e-3   1.23   1.06   3.41   3.81   4.07   4.53  18065    1.0
outl_loglike[203]   3.79  3.9e-3   0.58   2.34    3.6    3.9   4.13   4.57  22450    1.0
outl_loglike[204]   3.52  4.7e-3   0.83   1.41   3.22   3.73   4.03   4.51  30718    1.0
outl_loglike[205]   3.32  6.9e-3   0.86   1.33   3.15   3.49   3.75   4.21  15504    1.0
outl_loglike[206]   4.01  1.6e-3   0.29   3.48   3.81    4.0    4.2    4.6  31594    1.0
outl_loglike[207]   3.73  5.1e-3   0.71   2.01   3.55   3.87   4.11   4.56  19173    1.0
outl_loglike[208]   3.58  9.1e-3   1.04   1.46   3.42   3.79   4.05   4.49  12968    1.0
outl_loglike[209]   3.64  7.0e-3   0.89   1.62   3.48   3.83   4.08   4.53  16431    1.0
outl_loglike[210]   3.57  8.3e-3    1.0    1.5   3.42   3.77   4.02   4.48  14412    1.0
outl_loglike[211]   3.73  2.2e-3   0.43   2.78   3.48   3.77   4.02   4.49  36900    1.0
outl_loglike[212]   3.64  7.8e-3   0.93   1.61   3.47   3.83   4.08   4.53  14062    1.0
outl_loglike[213]   3.37  8.4e-3   1.07   1.19   3.22   3.59   3.84    4.3  16117    1.0
outl_loglike[214]   3.54    0.01   1.22   1.31   3.41   3.78   4.03   4.48  14968    1.0
outl_loglike[215]   3.75  4.8e-3   0.67    2.1   3.56   3.88   4.12   4.56  19049    1.0
outl_loglike[216]    4.0  1.6e-3    0.3   3.41    3.8    4.0   4.19    4.6  34176    1.0
outl_loglike[217]   3.49  5.6e-3   0.96   1.05   3.23   3.74   4.04   4.52  29426    1.0
outl_loglike[218]   3.58  8.1e-3    1.0   1.45   3.43   3.79   4.05    4.5  15408    1.0
outl_loglike[219]   3.98  2.0e-3   0.34   3.23   3.79    4.0    4.2   4.62  29117    1.0
outl_loglike[220]   3.15  7.3e-3   0.95   1.05   2.99   3.34    3.6   4.07  17090    1.0
outl_loglike[221]   3.66  3.5e-3   0.63   2.05    3.4   3.79   4.07   4.53  32141    1.0
outl_loglike[222]   3.67  6.8e-3   0.84   1.76   3.49   3.84   4.09   4.54  15290    1.0
outl_loglike[223]   3.65  7.6e-3   0.92   1.68   3.49   3.83   4.08   4.53  14643    1.0
outl_loglike[224]   3.64  6.9e-3   0.86   1.69   3.46   3.82   4.07   4.52  15194    1.0
outl_loglike[225]   4.05  1.7e-3   0.29    3.5   3.86   4.04   4.24   4.64  28115    1.0
outl_loglike[226]   3.01  8.4e-3   1.41  -0.72    2.6   3.38   3.87   4.44  28238    1.0
outl_loglike[227]   3.82  3.7e-3   0.52   2.48   3.63    3.9   4.14   4.57  19798    1.0
outl_loglike[228]   3.41  9.3e-3   1.19   1.13   3.26   3.64   3.91   4.36  16147    1.0
outl_loglike[229]   3.71  5.4e-3   0.76    1.9   3.54   3.87   4.11   4.56  19276    1.0
outl_loglike[230]   3.82  3.6e-3   0.55   2.44   3.63   3.91   4.14   4.57  22880    1.0
outl_loglike[231]    4.1  1.5e-3   0.26   3.64   3.92   4.09   4.27   4.67  30799    1.0
outl_loglike[232]    3.4    0.01   1.16   1.06   3.27   3.64    3.9   4.36  12921    1.0
outl_loglike[233]   3.44    0.01   1.28   1.06   3.31   3.69   3.95   4.41  15174    1.0
outl_loglike[234]   3.05  4.2e-3   0.59   1.56   2.85   3.15    3.4   3.86  19668    1.0
outl_loglike[235]    3.2    0.02   2.42   -2.2   3.23   3.75   4.04    4.5  17539    1.0
outl_loglike[236]   3.32  8.6e-3    1.1   1.04   3.17   3.55   3.81   4.27  16256    1.0
outl_loglike[237]   3.62  7.0e-3   0.93   1.45   3.44   3.83   4.09   4.55  18006    1.0
outl_loglike[238]   3.15  5.7e-3   0.69    1.5   2.97   3.28   3.53   3.99  14742    1.0
outl_loglike[239]   3.68  4.6e-3   0.72   1.88   3.47   3.84   4.09   4.55  23904    1.0
outl_loglike[240]   4.11  1.5e-3   0.26   3.65   3.92   4.09   4.27   4.67  30855    1.0
outl_loglike[241]   3.68  5.6e-3   0.82   1.79   3.51   3.85   4.09   4.54  21206    1.0
outl_loglike[242]   3.69  5.3e-3   0.77   1.82    3.5   3.85    4.1   4.55  20831    1.0
outl_loglike[243]   3.56  9.8e-3    1.1   1.45   3.42   3.78   4.03   4.48  12600    1.0
outl_loglike[244]   3.59  8.9e-3   1.12   1.41   3.44   3.81   4.07   4.52  15598    1.0
outl_loglike[245]   3.73  5.0e-3   0.69   2.05   3.55   3.87   4.12   4.56  19168    1.0
outl_loglike[246]   4.09  1.6e-3   0.27   3.63    3.9   4.08   4.26   4.66  28813    1.0
outl_loglike[247]   3.56  9.6e-3   1.18   1.15   3.42   3.82   4.08   4.53  15165    1.0
outl_loglike[248]   3.63  7.1e-3   0.94   1.62   3.47   3.82   4.07   4.52  17710    1.0
outl_loglike[249]   2.93  3.0e-3   0.61   1.61   2.55   2.97   3.35    4.0  41436    1.0
outl_loglike[250]   3.62  7.3e-3   0.91   1.57   3.45   3.81   4.07   4.51  15603    1.0
outl_loglike[251]   1.71  6.0e-3   1.21  -1.21   1.04   1.88   2.56   3.55  41140    1.0
outl_loglike[252]   3.48  9.0e-3    1.1   1.25   3.33   3.71   3.97   4.43  14698    1.0
outl_loglike[253]   3.91  1.7e-3   0.31    3.3    3.7   3.91   4.11   4.53  34690    1.0
outl_loglike[254]   3.16  9.0e-3   1.16   0.71   3.02   3.41   3.68   4.14  16764    1.0
outl_loglike[255]    3.3  8.2e-3   0.91   1.27   3.14   3.49   3.75    4.2  12320    1.0
outl_loglike[256]   3.85  2.6e-3   0.46   2.73   3.64   3.91   4.14   4.58  30203    1.0
outl_loglike[257]   3.73  4.4e-3   0.67   2.05   3.54   3.87   4.11   4.56  23319    1.0
outl_loglike[258]   3.71  4.0e-3   0.65   2.07   3.49   3.84    4.1   4.54  25495    1.0
outl_loglike[259]   3.33    0.01   1.35   0.83    3.2   3.61   3.87   4.33  13433    1.0
outl_loglike[260]   3.32  2.7e-3   0.51   2.25    3.0   3.35   3.67   4.23  34141    1.0
outl_loglike[261]   3.77  3.0e-3   0.54   2.41   3.55   3.86   4.11   4.55  31072    1.0
outl_loglike[262]   3.08  6.1e-3   0.83   1.11   2.89   3.25   3.51   3.98  18068    1.0
outl_loglike[263]   2.88  7.3e-3   1.04   0.32   2.69   3.13   3.41   3.89  20625    1.0
outl_loglike[264]   3.89  3.2e-3   0.46   2.79    3.7   3.94   4.16   4.58  19774    1.0
outl_loglike[265]   4.04  1.7e-3   0.29    3.5   3.85   4.04   4.23   4.63  30235    1.0
outl_loglike[266]   3.59  8.4e-3   1.08   1.53   3.45    3.8   4.06    4.5  16441    1.0
outl_loglike[267]   3.15  5.7e-3   0.72   1.44   2.97   3.29   3.53    4.0  16138    1.0
outl_loglike[268]   3.06  3.9e-3   0.53   1.77   2.86   3.13   3.37   3.82  18467    1.0
outl_loglike[269]   3.75  4.4e-3   0.64   2.15   3.57   3.88   4.12   4.56  21556    1.0
outl_loglike[270]   3.98  2.1e-3   0.34   3.23   3.79    4.0    4.2   4.62  26262    1.0
outl_loglike[271]   3.64  7.6e-3   0.94   1.57   3.48   3.84    4.1   4.55  15560    1.0
outl_loglike[272]   3.66  5.1e-3   0.77    1.7   3.45   3.84    4.1   4.55  23097    1.0
outl_loglike[273]   3.61  2.0e-3   0.41   2.74   3.35   3.63   3.88   4.36  40460    1.0
outl_loglike[274]   3.55  8.3e-3   1.04   1.47    3.4   3.76   4.02   4.47  15744    1.0
outl_loglike[275]   3.33  7.6e-3   0.92   1.33   3.17   3.52   3.77   4.23  14700    1.0
outl_loglike[276]   3.81  4.0e-3   0.55   2.42   3.63    3.9   4.14   4.57  18959    1.0
outl_loglike[277]   3.53  8.1e-3   1.01   1.45   3.38   3.74   3.99   4.44  15856    1.0
outl_loglike[278]   3.66  6.3e-3   0.87   1.63   3.48   3.85    4.1   4.55  18692    1.0
outl_loglike[279]   4.03  1.8e-3    0.3   3.43   3.83   4.03   4.22   4.63  27175    1.0
outl_loglike[280]   3.16  5.5e-3   0.72   1.43   2.98   3.29   3.54    4.0  17546    1.0
outl_loglike[281]   3.55  9.2e-3   1.15   1.27    3.4   3.78   4.04   4.49  15643    1.0
outl_loglike[282]   3.53  8.8e-3   1.06    1.3   3.38   3.74    4.0   4.45  14758    1.0
outl_loglike[283]    3.8  2.6e-3   0.48   2.63   3.58   3.87   4.11   4.55  33660    1.0
outl_loglike[284]   3.42  2.1e-3   0.42   2.58   3.15   3.42    3.7   4.22  37715    1.0
outl_loglike[285]   3.42    0.01   1.73   0.17   3.33   3.78   4.06   4.52  17494    1.0
outl_loglike[286]   3.49  3.7e-3   0.71   1.71   3.17   3.65   3.97   4.47  37398    1.0
outl_loglike[287]   3.43    0.01   1.48   0.76   3.33   3.74    4.0   4.46  16768    1.0
outl_loglike[288]   3.38    0.01   1.68   0.43   3.31   3.72   3.98   4.44  16043    1.0
outl_loglike[289]   3.81  4.1e-3   0.56   2.41   3.63   3.91   4.14   4.57  18761    1.0
outl_loglike[290]   3.84  3.2e-3    0.5   2.59   3.65   3.92   4.15   4.57  23979    1.0
outl_loglike[291]   3.78  4.4e-3    0.6   2.33    3.6   3.89   4.12   4.56  18202    1.0
outl_loglike[292]   3.76  3.6e-3   0.58   2.28   3.56   3.87   4.11   4.56  26531    1.0
outl_loglike[293]    3.7  5.8e-3   0.74   1.93   3.52   3.86    4.1   4.54  16103    1.0
outl_loglike[294]    3.4  8.2e-3   1.02   1.28   3.24   3.61   3.86   4.32  15443    1.0
outl_loglike[295]   3.54  8.1e-3   1.06   1.36   3.39   3.76   4.02   4.47  17233    1.0
outl_loglike[296]   3.68  6.8e-3   0.86   1.75   3.51   3.85    4.1   4.54  15814    1.0
outl_loglike[297]   3.83  2.0e-3   0.37   3.05    3.6   3.84   4.08   4.54  33897    1.0
outl_loglike[298]   3.61  6.5e-3   0.88   1.62   3.44    3.8   4.05    4.5  18162    1.0
outl_loglike[299]    3.2  7.5e-3   0.87    1.2   3.04   3.38   3.64    4.1  13585    1.0
outl_loglike[300]   3.68  5.8e-3   0.82   1.72    3.5   3.85    4.1   4.55  19860    1.0
outl_loglike[301]   3.53  9.1e-3    1.1   1.32   3.38   3.76   4.01   4.46  14702    1.0
outl_loglike[302]   3.92  1.8e-3   0.34   3.22    3.7   3.92   4.14   4.57  34163    1.0
outl_loglike[303]   3.51  8.5e-3   1.13   1.32   3.37   3.74    4.0   4.45  17961    1.0
outl_loglike[304]    3.6  8.0e-3   0.97   1.51   3.44    3.8   4.05    4.5  14768    1.0
outl_loglike[305]   3.44    0.01   1.59   0.51   3.37   3.77   4.03   4.49  12404    1.0
outl_loglike[306]   3.86  3.0e-3   0.48   2.66   3.66   3.92   4.15   4.58  24742    1.0
outl_loglike[307]   3.69  6.1e-3   0.79   1.86   3.52   3.85    4.1   4.54  16886    1.0
outl_loglike[308]   2.59  2.7e-3   0.55   1.45   2.24   2.61   2.97   3.65  40945    1.0
outl_loglike[309]   3.69  6.0e-3   0.82   1.86   3.51   3.85    4.1   4.55  18855    1.0
outl_loglike[310]   3.45  1.7e-3   0.34    2.8   3.23   3.45   3.68   4.14  38251    1.0
outl_loglike[311]   3.96  2.3e-3   0.36   3.14   3.77   3.99   4.19   4.61  25120    1.0
outl_loglike[312]   4.11  1.5e-3   0.26   3.65   3.92   4.09   4.27   4.67  30057    1.0
outl_loglike[313]   3.65  5.6e-3   0.81   1.65   3.46   3.84    4.1   4.55  21259    1.0
outl_loglike[314]    3.5  4.2e-3   0.78    1.5   3.18   3.68    4.0   4.49  35029    1.0
outl_loglike[315]   2.41  5.6e-3   1.13  -0.33   1.84   2.61   3.19   4.02  40191    1.0
outl_loglike[316]   3.54  7.4e-3   1.03   1.11   3.33   3.79   4.07   4.52  18999    1.0
outl_loglike[317]   3.79  4.0e-3   0.58    2.3    3.6   3.89   4.13   4.57  20771    1.0
outl_loglike[318]   3.56  8.8e-3   1.13   1.28   3.43   3.79   4.05    4.5  16582    1.0
outl_loglike[319]   3.67  7.5e-3    0.9   1.78   3.51   3.84   4.09   4.53  14349    1.0
outl_loglike[320]    3.1  6.1e-3   0.72   1.36   2.93   3.24   3.49   3.95  13906    1.0
outl_loglike[321]   3.88  2.5e-3   0.43   2.83   3.68   3.93   4.15   4.58  29903    1.0
outl_loglike[322]   3.58  5.0e-3   0.83   1.47   3.34   3.78   4.06   4.53  27368    1.0
outl_loglike[323]   3.29  7.8e-3    1.0   1.13   3.13    3.5   3.76   4.22  16415    1.0
outl_loglike[324]   3.05  4.4e-3   0.62   1.51   2.86   3.16    3.4   3.86  19795    1.0
outl_loglike[325]    3.3  7.3e-3   0.89   1.33   3.13   3.47   3.73   4.19  14987    1.0
outl_loglike[326]   3.29  7.7e-3   0.97   1.14   3.13   3.49   3.75   4.21  15857    1.0
outl_loglike[327]   3.52  8.8e-3   1.15   1.27   3.38   3.75   4.01   4.47  17133    1.0
outl_loglike[328]   3.78  4.2e-3    0.6   2.27   3.59   3.89   4.13   4.55  20653    1.0
outl_loglike[329]   3.58  8.9e-3   1.14   1.33   3.43   3.81   4.07   4.52  16492    1.0
outl_loglike[330]    3.7  5.3e-3   0.74   1.95   3.52   3.85   4.09   4.54  19890    1.0
outl_loglike[331]    2.5  8.0e-3   1.53  -1.67   1.94   2.86   3.51   4.25  36098    1.0
outl_loglike[332]   3.72  4.4e-3   0.69   1.93   3.52   3.86   4.11   4.56  24386    1.0
outl_loglike[333]   3.42  7.2e-3   1.11   0.69   3.16   3.72   4.03   4.52  23796    1.0
outl_loglike[334]    2.7  2.9e-3   0.59   1.47   2.33   2.73    3.1   3.78  41137    1.0
outl_loglike[335]   3.77  4.4e-3   0.62   2.24   3.59   3.89   4.13   4.56  19278    1.0
outl_loglike[336]   3.91  1.8e-3   0.32    3.3    3.7    3.9   4.12   4.55  33057    1.0
outl_loglike[337]   3.84  3.6e-3   0.51   2.55   3.65   3.92   4.15   4.58  19457    1.0
outl_loglike[338]   3.42  2.2e-3   0.44   2.48   3.14   3.44   3.72   4.22  39556    1.0
outl_loglike[339]   3.52    0.01   1.32   1.13    3.4   3.79   4.05   4.51  16954    1.0
outl_loglike[340]   3.52    0.01   1.24   1.28    3.4   3.76   4.02   4.47  13855    1.0
outl_loglike[341]   3.52  8.8e-3   1.12   1.21   3.39   3.75   4.01   4.47  16435    1.0
outl_loglike[342]   3.67  6.4e-3   0.82   1.77    3.5   3.84   4.09   4.53  16545    1.0
outl_loglike[343]   3.56  7.2e-3   0.92   1.52   3.39   3.75    4.0   4.46  16492    1.0
outl_loglike[344]   3.68  6.3e-3   0.82   1.85   3.51   3.84   4.09   4.54  16770    1.0
outl_loglike[345]   3.36  6.5e-3   1.08    0.6   3.05   3.66    4.0   4.49  27714    1.0
outl_loglike[346]    3.4    0.01   1.45   0.78   3.29    3.7   3.96   4.43  14530    1.0
outl_loglike[347]   3.65  7.4e-3   0.93   1.65   3.49   3.84   4.09   4.54  15835    1.0
outl_loglike[348]   3.44  8.8e-3   1.08   1.29   3.29   3.66   3.92   4.37  15252    1.0
outl_loglike[349]   3.36    0.01   1.79  -0.37   3.28   3.76   4.05   4.51  18847    1.0
outl_loglike[350]   3.02  4.7e-3   0.94   0.72   2.55    3.2   3.68   4.31  40152    1.0
outl_loglike[351]   3.89  3.1e-3   0.46   2.76    3.7   3.94   4.17   4.59  21379    1.0
outl_loglike[352]   3.79  4.0e-3   0.59   2.31    3.6    3.9   4.13   4.57  21678    1.0
outl_loglike[353]   3.92  2.0e-3   0.36   3.14   3.71   3.94   4.16   4.58  32203    1.0
outl_loglike[354]   3.28    0.01   1.31   0.72   3.16   3.55   3.82   4.29  15333    1.0
outl_loglike[355]   3.68  6.0e-3   0.83   1.83   3.51   3.85    4.1   4.54  18857    1.0
outl_loglike[356]   3.23  6.1e-3   0.79   1.34   3.05   3.39   3.64    4.1  16690    1.0
outl_loglike[357]   2.98  3.2e-3   0.45    1.9   2.78   3.03   3.26   3.71  19521    1.0
outl_loglike[358]   3.39  7.9e-3   0.98   1.33   3.23   3.59   3.84    4.3  15323    1.0
outl_loglike[359]   3.31  6.3e-3   0.83   1.37   3.13   3.47   3.73   4.18  17155    1.0
outl_loglike[360]   3.69  4.7e-3   0.72   1.86   3.48   3.84    4.1   4.55  24117    1.0
outl_loglike[361]   3.47  8.6e-3   1.22   0.72   3.29   3.77   4.06   4.51  20041    1.0
outl_loglike[362]   3.63  7.7e-3   0.96   1.58   3.46   3.83   4.09   4.53  15395    1.0
outl_loglike[363]   3.19  6.6e-3   0.83   1.23   3.01   3.36   3.61   4.08  15810    1.0
outl_loglike[364]   3.76  2.2e-3   0.43    2.8   3.52    3.8   4.05   4.51  37097    1.0
outl_loglike[365]   3.98  2.1e-3   0.34   3.24   3.79    4.0    4.2   4.61  25789    1.0
outl_loglike[366]   3.67  6.7e-3   0.88   1.77    3.5   3.84   4.09   4.54  17180    1.0
outl_loglike[367]   3.15  6.2e-3   1.12   0.29   2.74   3.43   3.86   4.41  31972    1.0
outl_loglike[368]    3.8  3.5e-3   0.55   2.42   3.61    3.9   4.13   4.58  24773    1.0
outl_loglike[369]   3.44    0.01   1.45   0.86   3.33   3.73   3.99   4.45  13886    1.0
outl_loglike[370]   3.52  5.8e-3   0.94   1.11   3.28   3.76   4.06   4.52  25829    1.0
outl_loglike[371]   3.87  2.8e-3   0.46   2.73   3.67   3.93   4.15   4.58  26578    1.0
outl_loglike[372]   3.72  4.7e-3    0.7    2.0   3.53   3.86   4.11   4.56  22256    1.0
outl_loglike[373]   3.73  3.3e-3   0.58   2.26   3.51   3.85    4.1   4.54  30181    1.0
outl_loglike[374]   3.62  8.6e-3   1.02   1.53   3.47   3.83   4.08   4.53  14104    1.0
outl_loglike[375]   3.52  9.1e-3   1.06   1.39   3.37   3.72   3.98   4.43  13617    1.0
outl_loglike[376]   4.01  1.5e-3   0.28   3.52   3.82   3.99   4.19   4.59  32668    1.0
outl_loglike[377]    3.6  6.9e-3   0.91   1.59   3.45   3.79   4.04   4.49  17577    1.0
outl_loglike[378]   3.44    0.01   1.41   0.76   3.32   3.73    4.0   4.46  15532    1.0
outl_loglike[379]   2.73  4.9e-3    1.0    0.3   2.22    2.9   3.44   4.16  41632    1.0
outl_loglike[380]   3.71  1.6e-3    0.3   3.15    3.5    3.7    3.9   4.33  34693    1.0
outl_loglike[381]   3.35  7.7e-3   0.91    1.3   3.18   3.53   3.79   4.25  13721    1.0
outl_loglike[382]   4.02  1.9e-3   0.31    3.4   3.83   4.02   4.22   4.63  27850    1.0
outl_loglike[383]   3.69  6.1e-3   0.84   1.88   3.51   3.85    4.1   4.54  18886    1.0
outl_loglike[384]   4.11  1.5e-3   0.26   3.66   3.92   4.09   4.28   4.67  30604    1.0
outl_loglike[385]   3.36    0.01   1.17   1.08   3.22   3.59   3.85   4.32  12999    1.0
outl_loglike[386]   3.29  6.9e-3   0.82   1.39   3.12   3.45    3.7   4.16  14275    1.0
outl_loglike[387]   3.42    0.01   1.19   1.19   3.28   3.66   3.92   4.37  14146    1.0
outl_loglike[388]   3.72  5.2e-3   0.72   1.98   3.54   3.86   4.11   4.55  19534    1.0
outl_loglike[389]   3.33  7.1e-3   0.89   1.37   3.17   3.51   3.77   4.23  15717    1.0
outl_loglike[390]   3.51  9.4e-3   1.15   1.28   3.36   3.74    4.0   4.46  14924    1.0
outl_loglike[391]   1.88  3.9e-3   0.76    0.2   1.42   1.94    2.4   3.18  38485    1.0
outl_loglike[392]   3.69  6.2e-3    0.8    1.8   3.51   3.85    4.1   4.55  16681    1.0
outl_loglike[393]   3.93  2.4e-3    0.4   2.99   3.73   3.96   4.18    4.6  27323    1.0
outl_loglike[394]   3.42  9.4e-3   1.14   1.22   3.29   3.65   3.91   4.37  14888    1.0
outl_loglike[395]   3.29  5.2e-3   0.96   0.86   2.92   3.53   3.92   4.44  33912    1.0
outl_loglike[396]   3.67  6.5e-3   0.84   1.76   3.51   3.85   4.09   4.54  16587    1.0
outl_loglike[397]   3.76  4.5e-3   0.64   2.17   3.58   3.88   4.12   4.56  19829    1.0
outl_loglike[398]   3.65  7.5e-3    0.9   1.74   3.48   3.83   4.08   4.54  14289    1.0
outl_loglike[399]   3.39    0.01   1.49   0.71    3.3    3.7   3.96   4.42  14866    1.0
outl_loglike[400]   3.68  2.6e-3   0.51   2.44   3.42   3.76   4.03   4.48  38289    1.0
outl_loglike[401]   3.43  9.5e-3   1.17   1.27   3.29   3.65   3.91   4.36  15075    1.0
outl_loglike[402]   3.84  4.0e-3   0.51   2.54   3.66   3.92   4.15   4.58  16390    1.0
outl_loglike[403]   3.73  2.3e-3   0.45    2.7   3.48   3.77   4.03    4.5  39234    1.0
outl_loglike[404]   3.24  8.2e-3   1.01   1.05   3.09   3.45   3.72   4.17  15173    1.0
outl_loglike[405]   3.53  9.2e-3   1.25   0.94   3.39   3.81   4.07   4.53  18494    1.0
outl_loglike[406]   3.59  5.4e-3   0.85   1.44   3.36   3.79   4.07   4.53  24309    1.0
outl_loglike[407]   3.87  2.2e-3    0.4   2.94   3.67   3.91   4.13   4.55  34453    1.0
outl_loglike[408]   3.63  7.8e-3   0.97   1.59   3.47   3.82   4.07   4.52  15391    1.0
outl_loglike[409]   3.79  3.4e-3   0.56   2.34   3.59   3.89   4.12   4.56  27636    1.0
outl_loglike[410]   3.64  7.0e-3   0.93   1.57   3.47   3.83   4.09   4.54  17617    1.0
outl_loglike[411]   3.59  2.8e-3   0.56   2.25   3.29   3.67   3.96   4.45  40359    1.0
outl_loglike[412]   3.71  5.9e-3   0.76   1.94   3.53   3.86   4.11   4.55  16381    1.0
outl_loglike[413]    3.7  2.5e-3   0.48    2.6   3.43   3.76   4.03   4.51  36778    1.0
outl_loglike[414]   3.25  6.4e-3   0.77   1.39   3.07    3.4   3.66   4.12  14639    1.0
outl_loglike[415]   2.87  3.2e-3   0.52    1.6   2.67   2.95   3.19   3.64  26608    1.0
outl_loglike[416]   3.71  3.4e-3   0.59    2.2   3.47   3.82   4.08   4.54  30257    1.0
outl_loglike[417]   3.32  7.2e-3   0.92   1.27   3.16   3.51   3.77   4.23  16456    1.0
outl_loglike[418]   3.58  5.2e-3   0.85   1.46   3.34   3.79   4.06   4.52  26654    1.0
outl_loglike[419]   3.36  2.4e-3   0.47   2.35   3.06   3.38   3.68    4.2  40110    1.0
outl_loglike[420]   3.73  5.5e-3   0.71   2.05   3.55   3.87   4.12   4.56  16533    1.0
outl_loglike[421]   3.53  8.6e-3    1.1    1.3   3.38   3.76   4.02   4.46  16197    1.0
outl_loglike[422]   3.72  4.9e-3   0.72   1.93   3.53   3.87   4.11   4.55  21075    1.0
outl_loglike[423]    3.4  9.2e-3   1.12    1.2   3.25   3.63   3.88   4.34  14841    1.0
outl_loglike[424]   3.74  4.1e-3   0.64   2.11   3.54   3.87   4.11   4.56  24710    1.0
outl_loglike[425]   4.07  1.5e-3   0.27   3.59   3.88   4.05   4.24   4.63  32626    1.0
outl_loglike[426]   3.73  5.2e-3   0.68   2.06   3.55   3.87   4.11   4.55  17031    1.0
outl_loglike[427]   3.73  5.3e-3   0.73   2.03   3.55   3.87   4.11   4.55  18754    1.0
outl_loglike[428]   3.66  6.9e-3   0.87    1.7   3.49   3.84    4.1   4.54  15776    1.0
outl_loglike[429]   3.52  9.1e-3   1.13   1.31   3.37   3.74    4.0   4.46  15593    1.0
outl_loglike[430]   3.66  4.8e-3   0.75   1.75   3.44   3.83   4.09   4.55  24091    1.0
outl_loglike[431]    3.6  7.7e-3   1.05   1.37   3.45   3.82   4.08   4.53  18574    1.0
outl_loglike[432]   3.51  9.9e-3   1.27   1.19   3.38   3.77   4.03   4.49  16273    1.0
outl_loglike[433]   3.46  7.7e-3   0.98   1.45   3.31   3.66   3.91   4.37  16346    1.0
outl_loglike[434]   3.33    0.01   1.47   0.65   3.22   3.63    3.9   4.36  15931    1.0
outl_loglike[435]   3.76  4.6e-3   0.64   2.19   3.57   3.88   4.12   4.56  19810    1.0
outl_loglike[436]    3.9  2.7e-3   0.44   2.82   3.71   3.95   4.16   4.59  25113    1.0
outl_loglike[437]   3.67  6.5e-3   0.86   1.78    3.5   3.84   4.09   4.54  17190    1.0
outl_loglike[438]   3.54  6.8e-3   0.88   1.56   3.37   3.72   3.97   4.42  16682    1.0
outl_loglike[439]   3.85  3.4e-3   0.49    2.6   3.66   3.92   4.15   4.58  21218    1.0
outl_loglike[440]   3.79  4.0e-3   0.58   2.33    3.6   3.89   4.13   4.57  20304    1.0
outl_loglike[441]   3.45  8.1e-3   1.22   0.63   3.24   3.76   4.05   4.52  22546    1.0
outl_loglike[442]   3.66  6.8e-3   0.87   1.78    3.5   3.84   4.09   4.53  16436    1.0
outl_loglike[443]   3.89  1.7e-3   0.33   3.23   3.68   3.89    4.1   4.52  35388    1.0
outl_loglike[444]   3.69  5.8e-3   0.78   1.83   3.51   3.85    4.1   4.53  18335    1.0
outl_loglike[445]   3.46    0.01   1.43   0.86   3.35   3.75   4.01   4.46  12454    1.0
outl_loglike[446]   3.75  4.5e-3   0.65   2.16   3.57   3.88   4.12   4.57  21202    1.0
outl_loglike[447]   3.72  5.5e-3   0.72   1.96   3.54   3.86   4.11   4.55  16707    1.0
outl_loglike[448]   1.81  3.6e-3   0.66   0.44   1.39   1.84   2.26   3.03  33764    1.0
outl_loglike[449]   3.38  2.8e-3   0.54   2.17   3.06   3.43   3.76   4.31  37598    1.0
outl_loglike[450]   3.69  4.4e-3    0.7   1.88   3.48   3.84   4.09   4.55  24603    1.0
outl_loglike[451]   3.76  4.7e-3   0.64   2.19   3.58   3.88   4.12   4.56  18701    1.0
outl_loglike[452]   3.83  3.2e-3   0.51   2.54   3.64   3.91   4.14   4.58  24835    1.0
outl_loglike[453]   3.42    0.01   1.21   1.13   3.27   3.66   3.92   4.38  14390    1.0
outl_loglike[454]    4.1  1.5e-3   0.27   3.63   3.91   4.08   4.27   4.67  30221    1.0
outl_loglike[455]   3.51  8.5e-3   1.15   0.78   3.34   3.79   4.07   4.53  18430    1.0
outl_loglike[456]   3.93  2.6e-3   0.39   3.03   3.74   3.96   4.18   4.59  22956    1.0
outl_loglike[457]    3.9  1.8e-3   0.34   3.21   3.69   3.91   4.12   4.55  35693    1.0
outl_loglike[458]   3.99  1.6e-3   0.29   3.45   3.79   3.98   4.18   4.59  33201    1.0
outl_loglike[459]   2.88  2.4e-3   0.43   1.98   2.61    2.9   3.17    3.7  33632    1.0
outl_loglike[460]   3.65  6.6e-3   0.92   1.64   3.49   3.84   4.09   4.54  19542    1.0
outl_loglike[461]   4.11  1.5e-3   0.26   3.66   3.93    4.1   4.28   4.67  31110    1.0
outl_loglike[462]   3.47    0.01    1.4   0.92   3.36   3.75   4.02   4.48  17139    1.0
outl_loglike[463]   4.09  1.5e-3   0.26   3.63   3.91   4.08   4.26   4.66  31672    1.0
outl_loglike[464]   3.44    0.01   1.33   1.01   3.32    3.7   3.96   4.41  15209    1.0
outl_loglike[465]   3.63  8.0e-3    1.0   1.61   3.47   3.83   4.08   4.53  15573    1.0
outl_loglike[466]   3.86  2.6e-3   0.44   2.78   3.66   3.92   4.15   4.57  29737    1.0
outl_loglike[467]   3.21  6.1e-3   0.81    1.3   3.04   3.38   3.63   4.09  17174    1.0
outl_loglike[468]   3.66  7.3e-3    0.9    1.7   3.49   3.84   4.09   4.53  15425    1.0
outl_loglike[469]   3.83  3.4e-3   0.52   2.51   3.64   3.91   4.14   4.58  23936    1.0
outl_loglike[470]   3.71  4.4e-3   0.69   1.96   3.51   3.85    4.1   4.55  24396    1.0
outl_loglike[471]   3.27  8.9e-3   1.38  -0.18    3.0   3.66    4.0    4.5  23911    1.0
outl_loglike[472]   2.88  4.8e-3   0.74   0.97   2.67   3.03    3.3   3.77  23186    1.0
outl_loglike[473]   4.09  1.6e-3   0.27   3.62    3.9   4.07   4.26   4.66  29350    1.0
outl_loglike[474]   4.01  1.6e-3    0.3   3.43   3.81    4.0    4.2   4.61  32934    1.0
outl_loglike[475]   2.98    0.01   1.96  -2.43   2.75   3.56   3.95   4.47  19536    1.0
outl_loglike[476]   3.38  9.4e-3   1.12   1.14   3.24   3.61   3.87   4.32  14278    1.0
outl_loglike[477]   3.11  5.2e-3    0.7   1.37   2.92   3.24    3.5   3.95  18164    1.0
outl_loglike[478]   2.98  4.7e-3   0.94   0.71   2.52   3.16   3.65   4.29  40890    1.0
outl_loglike[479]   3.57  8.4e-3   1.11   1.26   3.41   3.82   4.08   4.54  17457    1.0
outl_loglike[480]   3.35    0.01   1.71   0.37   3.28   3.69   3.96   4.42  16246    1.0
outl_loglike[481]   3.71  4.8e-3   0.71   1.97   3.52   3.86   4.11   4.55  21721    1.0
outl_loglike[482]    3.9  2.5e-3   0.41    2.9   3.71   3.95   4.16   4.59  28463    1.0
outl_loglike[483]   3.46    0.01   1.45   0.89   3.36   3.75   4.02   4.47  17700    1.0
outl_loglike[484]   3.16  5.7e-3   0.75   1.34   2.98   3.31   3.57   4.02  17219    1.0
outl_loglike[485]    3.2  5.3e-3   0.69   1.54   3.02   3.33   3.58   4.05  16909    1.0
outl_loglike[486]   2.82  5.8e-3   0.88   0.57   2.61   3.03   3.31   3.79  22987    1.0
outl_loglike[487]   3.42  9.9e-3   1.26   1.04   3.29   3.68   3.94    4.4  15940    1.0
outl_loglike[488]   3.97  1.6e-3    0.3    3.4   3.76   3.96   4.16   4.57  33887    1.0
outl_loglike[489]   4.12  1.5e-3   0.26   3.68   3.94   4.11   4.29   4.68  30580    1.0
outl_loglike[490]   3.87  1.7e-3   0.32   3.24   3.67   3.87   4.08    4.5  36930    1.0
outl_loglike[491]   3.58  8.6e-3   1.02   1.49   3.42   3.78   4.04   4.49  14218    1.0
outl_loglike[492]   3.61  7.8e-3   1.01   1.42   3.44   3.82   4.08   4.53  16898    1.0
outl_loglike[493]   3.47  9.8e-3   1.33   0.56   3.32   3.79   4.06   4.52  18605    1.0
outl_loglike[494]   4.11  1.5e-3   0.26   3.64   3.92   4.09   4.28   4.67  30088    1.0
outl_loglike[495]   3.91  2.9e-3   0.43   2.86   3.72   3.95   4.17    4.6  22171    1.0
outl_loglike[496]    3.2  5.3e-3   0.69   1.47   3.02   3.34   3.59   4.04  17206    1.0
outl_loglike[497]   3.44  9.3e-3   1.17   1.11   3.31   3.69   3.94    4.4  15821    1.0
outl_loglike[498]   3.47  8.5e-3   1.03   1.25   3.33   3.69   3.95    4.4  14772    1.0
outl_loglike[499]   3.75  4.1e-3   0.63   2.15   3.56   3.87   4.12   4.56  23202    1.0
outl_loglike[500]   3.74  4.6e-3   0.66   2.07   3.56   3.87   4.11   4.56  20432    1.0
outl_loglike[501]   4.01  2.0e-3   0.32   3.35   3.82   4.02   4.21   4.63  25508    1.0
outl_loglike[502]   3.49    0.01   1.32   1.04   3.38   3.76   4.02   4.47  11756    1.0
outl_loglike[503]   3.13    0.01   1.48   0.05   3.03   3.46   3.74    4.2  16270    1.0
outl_loglike[504]   3.66  4.6e-3   0.73   1.76   3.44   3.82   4.09   4.53  25497    1.0
outl_loglike[505]   3.34    0.01   1.28   0.91   3.22    3.6   3.86   4.32  12751    1.0
outl_loglike[506]   3.51    0.01    1.3   1.12   3.39   3.78   4.03   4.49  16069    1.0
outl_loglike[507]   3.37  9.8e-3   1.14    1.2   3.23   3.59   3.85   4.31  13366    1.0
outl_loglike[508]   0.35  5.3e-3   1.03  -1.89  -0.29   0.43   1.08   2.14  38568    1.0
outl_loglike[509]    3.9  1.9e-3   0.36   3.12   3.69   3.92   4.14   4.56  36700    1.0
outl_loglike[510]   3.74  2.1e-3   0.42   2.81    3.5   3.77   4.02   4.49  38916    1.0
outl_loglike[511]   3.94  2.4e-3   0.38   3.06   3.74   3.96   4.18    4.6  24894    1.0
outl_loglike[512]   3.35  9.8e-3   1.25   1.02   3.22   3.61   3.87   4.33  16100    1.0
outl_loglike[513]   3.54  9.6e-3   1.19   1.18   3.41   3.78   4.04   4.49  15185    1.0
outl_loglike[514]   3.76  2.7e-3    0.5   2.54   3.52   3.84   4.09   4.54  33809    1.0
outl_loglike[515]   3.64  6.6e-3    0.9    1.7   3.47   3.82   4.07   4.52  18785    1.0
outl_loglike[516]   3.75  5.2e-3   0.68   2.11   3.56   3.88   4.12   4.57  17220    1.0
outl_loglike[517]   3.05  9.8e-3   1.56  -1.14   2.72    3.5   3.92   4.45  25197    1.0
outl_loglike[518]   3.43    0.01   1.21   1.12    3.3   3.68   3.94   4.39  14073    1.0
outl_loglike[519]   3.67  6.7e-3   0.85   1.71    3.5   3.85    4.1   4.55  16067    1.0
outl_loglike[520]   3.24  6.6e-3   0.86   1.29   3.07   3.41   3.67   4.13  17266    1.0
outl_loglike[521]   3.84  2.8e-3   0.47   2.68   3.63    3.9   4.14   4.57  28389    1.0
outl_loglike[522]   3.18  5.9e-3   0.73   1.47    3.0   3.32   3.57   4.03  15252    1.0
outl_loglike[523]   3.75  5.2e-3   0.68    2.1   3.57   3.87   4.12   4.56  17469    1.0
outl_loglike[524]   3.96  2.4e-3   0.37   3.13   3.77   3.98   4.19   4.61  23421    1.0
outl_loglike[525]   4.05  1.7e-3   0.29    3.5   3.86   4.05   4.24   4.65  28222    1.0
outl_loglike[526]   3.73  4.3e-3   0.66   2.03   3.54   3.87   4.12   4.56  23440    1.0
outl_loglike[527]   3.57  9.4e-3   1.23   1.27   3.44   3.81   4.07   4.52  16901    1.0
outl_loglike[528]   3.27    0.01   1.27   0.69   3.15   3.54   3.81   4.27  16016    1.0
outl_loglike[529]   3.64  7.4e-3   0.97   1.54   3.47   3.84    4.1   4.55  17166    1.0
outl_loglike[530]   4.08  1.6e-3   0.28   3.59   3.89   4.06   4.25   4.66  29478    1.0
outl_loglike[531]   3.81  4.0e-3   0.55   2.44   3.63    3.9   4.14   4.58  19310    1.0
outl_loglike[532]   3.49  9.5e-3   1.14   1.24   3.34   3.72   3.98   4.43  14280    1.0
outl_loglike[533]   3.24    0.01   1.26   0.64   3.11   3.51   3.77   4.25  15354    1.0
outl_loglike[534]   3.58  9.5e-3    1.1   1.46   3.44    3.8   4.06    4.5  13368    1.0
outl_loglike[535]   3.39    0.01   1.39   0.81   3.28   3.67   3.93   4.39  13068    1.0
outl_loglike[536]   3.49  9.2e-3   1.13   1.27   3.35   3.71   3.97   4.42  14940    1.0
outl_loglike[537]   3.34    0.01    1.3   0.93   3.22    3.6   3.87   4.33  14727    1.0
outl_loglike[538]   3.37  8.4e-3   1.01   1.22   3.22   3.58   3.83    4.3  14382    1.0
outl_loglike[539]   3.83  3.8e-3   0.52    2.5   3.64   3.91   4.14   4.57  18688    1.0
outl_loglike[540]   3.88  3.1e-3   0.46   2.75   3.69   3.94   4.16   4.59  22525    1.0
outl_loglike[541]   2.18  5.9e-3   1.09  -0.68   1.77   2.46    2.9   3.48  34024    1.0
outl_loglike[542]   3.58  9.3e-3   1.17   1.28   3.44   3.83   4.08   4.54  15828    1.0
outl_loglike[543]   3.67  6.8e-3   0.86   1.69    3.5   3.85    4.1   4.54  15837    1.0
outl_loglike[544]   3.63  3.6e-3   0.66   1.94   3.35   3.77   4.05   4.53  33955    1.0
outl_loglike[545]   3.42    0.01   1.52   0.56   3.34   3.74    4.0   4.46  13574    1.0
outl_loglike[546]    3.8  3.6e-3   0.55   2.41   3.61   3.89   4.13   4.56  23037    1.0
outl_loglike[547]   3.66  7.0e-3    0.9   1.71   3.49   3.84   4.09   4.54  16576    1.0
outl_loglike[548]   3.07  4.3e-3   0.58    1.6   2.88   3.17   3.41   3.87  17712    1.0
outl_loglike[549]   2.49  3.0e-3   0.62   1.16   2.11   2.53   2.91   3.59  41963    1.0
outl_loglike[550]   3.87  3.3e-3   0.47   2.71   3.68   3.93   4.15   4.58  19593    1.0
outl_loglike[551]   3.16  8.1e-3   1.12   0.68   3.01   3.41   3.67   4.15  19142    1.0
outl_loglike[552]   3.59  9.1e-3   1.15    1.4   3.44   3.82   4.08   4.53  15877    1.0
outl_loglike[553]   3.61  7.3e-3   0.97   1.53   3.46    3.8   4.06   4.51  17756    1.0
outl_loglike[554]   2.79  3.6e-3   0.77   1.03   2.35   2.89   3.34   4.02  44545    1.0
outl_loglike[555]   3.83  2.0e-3   0.37   3.06    3.6   3.84   4.07   4.52  35199    1.0
outl_loglike[556]    3.6  6.2e-3   0.96   1.42   3.43   3.82   4.08   4.54  23877    1.0
outl_loglike[557]   3.59  8.5e-3   1.07   1.48   3.44   3.81   4.06   4.51  16012    1.0
outl_loglike[558]    3.6  7.7e-3   0.96   1.58   3.44    3.8   4.05   4.49  15723    1.0
outl_loglike[559]    3.7  5.4e-3   0.75   1.86   3.52   3.86   4.11   4.56  19659    1.0
outl_loglike[560]   3.71  5.5e-3   0.77   1.93   3.53   3.86    4.1   4.55  19787    1.0
outl_loglike[561]   3.56  9.0e-3   1.17    1.3   3.42    3.8   4.05   4.51  16626    1.0
outl_loglike[562]   3.02  4.9e-3    0.7   1.25   2.83   3.15   3.41   3.88  20414    1.0
outl_loglike[563]   3.57  7.4e-3   1.04   1.22    3.4   3.81   4.08   4.54  19836    1.0
outl_loglike[564]   3.55  8.6e-3   1.07   1.43    3.4   3.77   4.03   4.48  15560    1.0
outl_loglike[565]   4.11  1.5e-3   0.26   3.66   3.92   4.09   4.28   4.67  30987    1.0
outl_loglike[566]   3.67  6.2e-3   0.81   1.83    3.5   3.83   4.08   4.53  17075    1.0
outl_loglike[567]   3.66  2.8e-3   0.55   2.32   3.39   3.75   4.02   4.48  38710    1.0
outl_loglike[568]   3.42    0.01   1.66   0.45   3.33   3.77   4.04    4.5  13916    1.0
outl_loglike[569]   3.56  4.9e-3   0.84   1.44   3.31   3.77   4.06   4.52  29008    1.0
outl_loglike[570]    3.6  8.1e-3   1.07   1.42   3.44   3.81   4.07   4.52  17180    1.0
outl_loglike[571]   3.76  4.2e-3   0.63   2.16   3.56   3.88   4.12   4.56  22415    1.0
outl_loglike[572]   3.41    0.01   1.18   1.17   3.28   3.64    3.9   4.35  12770    1.0
outl_loglike[573]   3.32    0.01   1.45   0.69   3.22   3.62   3.88   4.34  14291    1.0
outl_loglike[574]   3.71  6.5e-3   0.77   1.88   3.54   3.87   4.11   4.55  14207    1.0
outl_loglike[575]   3.05  6.0e-3   0.76   1.26   2.87    3.2   3.45   3.92  16212    1.0
outl_loglike[576]   3.88  2.7e-3   0.43   2.84   3.68   3.93   4.15   4.59  26405    1.0
outl_loglike[577]   3.23  6.8e-3   0.81   1.34   3.05   3.39   3.65   4.11  14300    1.0
outl_loglike[578]   3.69  5.1e-3   0.76    1.8    3.5   3.85    4.1   4.56  21981    1.0
outl_loglike[579]   3.29  7.3e-3   0.92   1.27   3.12   3.47   3.73   4.19  15855    1.0
outl_loglike[580]   3.63  7.5e-3   0.98   1.55   3.48   3.84   4.09   4.54  16940    1.0
outl_loglike[581]   3.59  8.0e-3   1.01   1.51   3.44    3.8   4.05    4.5  15939    1.0
outl_loglike[582]   3.54  8.7e-3   1.16   1.29    3.4   3.77   4.03   4.48  17843    1.0
outl_loglike[583]   3.32  8.9e-3   1.08   1.14   3.17   3.55   3.81   4.27  14643    1.0
outl_loglike[584]   4.11  1.5e-3   0.26   3.66   3.92   4.09   4.28   4.68  30839    1.0
outl_loglike[585]   3.82  3.7e-3   0.53   2.48   3.63   3.91   4.14   4.57  21183    1.0
outl_loglike[586]   3.98  2.0e-3   0.35   3.21   3.78   3.99   4.19   4.61  29038    1.0
outl_loglike[587]   4.03  1.7e-3    0.3   3.43   3.83   4.02   4.22   4.63  30854    1.0
outl_loglike[588]   3.48    0.01   1.29   1.09   3.35   3.74   4.01   4.47  14651    1.0
outl_loglike[589]   3.59  9.1e-3   1.16   1.29   3.45   3.82   4.08   4.53  16119    1.0
outl_loglike[590]   3.73  2.0e-3   0.38   2.95   3.49   3.74   3.98   4.44  35775    1.0
outl_loglike[591]   2.95  2.4e-3   0.48   1.97   2.65   2.96   3.27   3.86  38171    1.0
outl_loglike[592]   3.37    0.01   1.25   0.97   3.24   3.62   3.89   4.35  14055    1.0
outl_loglike[593]    3.3  7.2e-3   0.92   1.28   3.13   3.48   3.74    4.2  16613    1.0
outl_loglike[594]   3.88  3.0e-3   0.45   2.76   3.69   3.94   4.16   4.59  23122    1.0
outl_loglike[595]   3.36  2.2e-3   0.42   2.52   3.09   3.36   3.64   4.18  35916    1.0
outl_loglike[596]   3.35  8.1e-3   1.05   1.13    3.2   3.56   3.82   4.28  16987    1.0
outl_loglike[597]   3.64  6.9e-3   0.93   1.68   3.48   3.83   4.08   4.52  18067    1.0
outl_loglike[598]   3.73  4.6e-3   0.68   1.99   3.54   3.87   4.11   4.56  21825    1.0
outl_loglike[599]   3.46  8.9e-3   1.12   1.24   3.31   3.69   3.94    4.4  15940    1.0
outl_loglike[600]   3.68  6.8e-3   0.82   1.83   3.51   3.85    4.1   4.55  14778    1.0
outl_loglike[601]   3.25  6.4e-3    0.8    1.4   3.07   3.41   3.66   4.11  15434    1.0
outl_loglike[602]   3.56  5.2e-3   0.86   1.43    3.3   3.77   4.06   4.52  27298    1.0
outl_loglike[603]   3.94  2.6e-3   0.38   3.04   3.75   3.97   4.18    4.6  22435    1.0
outl_loglike[604]    1.0    0.01   2.46  -5.45 2.2e-3   1.67   2.72    3.9  38277    1.0
outl_loglike[605]   3.17    0.02   2.34  -2.52   3.19   3.73   4.03   4.49  15487    1.0
outl_loglike[606]  -2.51  6.6e-3   1.06  -4.74  -3.18  -2.46  -1.78  -0.58  25895    1.0
outl_loglike[607]   3.63  7.1e-3   0.92   1.65   3.47   3.82   4.07   4.53  16824    1.0
outl_loglike[608]   3.12  5.1e-3   0.68   1.47   2.94   3.25    3.5   3.97  17846    1.0
outl_loglike[609]   3.67  6.2e-3   0.83   1.78   3.49   3.83   4.09   4.52  17713    1.0
outl_loglike[610]   3.71  5.7e-3   0.76   1.91   3.53   3.86   4.11   4.55  17665    1.0
outl_loglike[611]   3.93  2.7e-3    0.4   2.99   3.74   3.97   4.18   4.59  21957    1.0
outl_loglike[612]   3.62  5.4e-3   0.82   1.57    3.4   3.81   4.08   4.54  23222    1.0
outl_loglike[613]   3.23  6.5e-3   0.81   1.42   3.05   3.39   3.64    4.1  15485    1.0
outl_loglike[614]   3.55  6.8e-3   0.99   1.47   3.38   3.75    4.0   4.45  21045    1.0
outl_loglike[615]    3.8  3.6e-3   0.56   2.36   3.62    3.9   4.13   4.56  23748    1.0
outl_loglike[616]   3.77  4.2e-3   0.61   2.19   3.59   3.89   4.12   4.56  21588    1.0
outl_loglike[617]    4.0  1.7e-3   0.31   3.36    3.8    4.0    4.2   4.61  32898    1.0
outl_loglike[618]   2.75  8.2e-3   1.21  -0.43   2.56   3.06   3.37   3.85  21792    1.0
outl_loglike[619]   3.94  2.3e-3   0.38   3.03   3.74   3.96   4.18    4.6  26819    1.0
outl_loglike[620]    4.1  1.5e-3   0.26   3.64   3.92   4.08   4.27   4.67  29981    1.0
outl_loglike[621]   3.38  8.7e-3   1.07   1.24   3.23   3.59   3.85   4.31  15027    1.0
outl_loglike[622]   3.91  2.9e-3   0.42   2.91   3.72   3.96   4.17   4.59  21476    1.0
outl_loglike[623]   3.89  3.0e-3   0.45   2.77    3.7   3.94   4.16   4.59  21806    1.0
outl_loglike[624]   3.64  7.3e-3   0.93   1.63   3.48   3.83   4.08   4.53  16042    1.0
outl_loglike[625]   3.17  6.8e-3   0.89   1.13    3.0   3.35   3.61   4.07  16994    1.0
outl_loglike[626]    3.6  7.6e-3   1.03   1.52   3.45   3.81   4.06   4.51  18509    1.0
outl_loglike[627]   3.43    0.01   1.54    0.8   3.33   3.73   3.99   4.45  15404    1.0
outl_loglike[628]   3.41  2.5e-3   0.46   2.45   3.12   3.43   3.72   4.26  34952    1.0
outl_loglike[629]   3.17  5.8e-3   0.73   1.46   2.99    3.3   3.55   4.01  15805    1.0
outl_loglike[630]   3.63  8.1e-3   1.02   1.55   3.47   3.83   4.08   4.53  15873    1.0
outl_loglike[631]   3.73  5.3e-3   0.71   2.01   3.55   3.87   4.11   4.56  17725    1.0
outl_loglike[632]   3.47    0.01   1.43   0.82   3.36   3.76   4.02   4.47  16054    1.0
outl_loglike[633]   4.09  1.5e-3   0.27   3.62    3.9   4.07   4.26   4.66  30598    1.0
outl_loglike[634]   3.46    0.01   1.32   1.11   3.33   3.72   3.98   4.44  14164    1.0
outl_loglike[635]   3.65  6.3e-3   0.85   1.66   3.47   3.84   4.09   4.54  18324    1.0
outl_loglike[636]   3.63  4.4e-3   0.73    1.8   3.39    3.8   4.07   4.53  28160    1.0
outl_loglike[637]   3.56  8.7e-3   1.17   1.16   3.41   3.81   4.07   4.52  18158    1.0
outl_loglike[638]   3.09    0.01   1.35   0.24   2.97   3.39   3.67   4.14  16644    1.0
outl_loglike[639]   3.31  8.7e-3   1.01   1.18   3.15   3.52   3.78   4.24  13659    1.0
outl_loglike[640]   3.11  4.3e-3   0.59   1.63   2.91    3.2   3.44    3.9  18229    1.0
outl_loglike[641]   3.48    0.01    1.4   0.91   3.36   3.77   4.04   4.49  15922    1.0
outl_loglike[642]   3.47    0.01   1.52    0.6   3.35   3.79   4.07   4.52  15739    1.0
outl_loglike[643]  -3.08    0.01   2.89   -9.3  -4.92  -2.87  -0.95   1.78  41493    1.0
outl_loglike[644]   3.54  9.3e-3   1.16   1.35    3.4   3.77   4.02   4.48  15621    1.0
outl_loglike[645]   4.08  1.5e-3   0.27   3.59   3.89   4.06   4.25   4.65  31183    1.0
outl_loglike[646]    3.7  5.6e-3   0.77    1.9   3.52   3.85    4.1   4.54  18792    1.0
outl_loglike[647]    3.6  7.7e-3   1.07   1.49   3.44   3.81   4.06   4.52  19479    1.0
outl_loglike[648]   3.43  2.7e-3   0.55    2.2   3.11   3.49   3.82   4.36  40278    1.0
outl_loglike[649]   3.79  1.8e-3   0.35   3.11   3.57   3.79   4.02   4.47  36265    1.0
outl_loglike[650]   3.93  2.6e-3    0.4    3.0   3.74   3.96   4.18    4.6  23467    1.0
outl_loglike[651]   3.29  9.1e-3    1.1   1.04   3.15   3.51   3.77   4.24  14607    1.0
outl_loglike[652]   3.69  6.0e-3   0.79   1.87   3.52   3.85    4.1   4.55  17251    1.0
outl_loglike[653]   3.52  5.6e-3   0.92   1.29   3.26   3.76   4.05   4.52  26631    1.0
outl_loglike[654]   2.48  4.9e-3   1.03   0.06   1.93   2.63    3.2    4.0  42980    1.0
outl_loglike[655]   3.93  2.7e-3    0.4    3.0   3.74   3.97   4.18    4.6  21412    1.0
outl_loglike[656]   3.75  5.0e-3   0.67   2.17   3.57   3.88   4.12   4.56  18213    1.0
outl_loglike[657]   3.54  9.5e-3   1.13   1.36    3.4   3.76   4.02   4.48  14259    1.0
outl_loglike[658]   3.58  9.0e-3   1.17   1.35   3.43   3.81   4.06   4.51  16893    1.0
outl_loglike[659]   2.94  7.5e-3   1.08   0.35   2.75   3.19   3.48   3.94  20699    1.0
outl_loglike[660]    4.0  2.1e-3   0.33   3.29    3.8   4.01   4.21   4.62  25131    1.0
outl_loglike[661]   3.72  5.2e-3   0.72   1.97   3.53   3.86   4.11   4.55  18926    1.0
outl_loglike[662]   4.12  1.5e-3   0.26   3.67   3.93    4.1   4.28   4.68  30988    1.0
outl_loglike[663]   3.08  6.9e-3   0.94   0.83    2.9   3.28   3.55   4.01  18489    1.0
outl_loglike[664]   3.75  5.2e-3   0.69   2.07   3.56   3.88   4.12   4.56  17725    1.0
outl_loglike[665]   3.89  3.1e-3   0.45   2.79    3.7   3.94   4.16   4.59  20590    1.0
outl_loglike[666]    3.6  7.1e-3    0.9   1.62   3.43   3.79   4.04   4.49  16259    1.0
outl_loglike[667]   4.02  2.0e-3   0.31   3.39   3.83   4.02   4.22   4.63  25146    1.0
outl_loglike[668]   3.96  1.8e-3   0.32   3.34   3.75   3.96   4.17   4.59  32223    1.0
outl_loglike[669]   3.51    0.01   1.31   1.18   3.38   3.76   4.02   4.47  14432    1.0
outl_loglike[670]   3.37    0.02   1.85   0.18   3.31   3.74   4.01   4.47  12668    1.0
outl_loglike[671]   3.54  7.9e-3   1.14   0.99   3.37    3.8   4.07   4.53  20654    1.0
outl_loglike[672]   3.55  8.5e-3   1.08   1.41    3.4   3.77   4.03   4.49  16400    1.0
outl_loglike[673]   3.87  3.3e-3   0.47    2.7   3.68   3.93   4.16   4.59  20495    1.0
outl_loglike[674]   4.08  1.6e-3   0.27    3.6   3.89   4.07   4.26   4.66  29254    1.0
outl_loglike[675]   3.55  9.3e-3   1.21    1.2   3.41   3.79   4.06   4.51  16676    1.0
outl_loglike[676]   3.75  5.3e-3   0.68   2.07   3.57   3.88   4.12   4.55  16189    1.0
outl_loglike[677]   3.93  2.2e-3   0.38   3.04   3.73   3.96   4.18    4.6  30886    1.0
outl_loglike[678]   3.93  1.7e-3   0.33   3.28   3.72   3.94   4.15   4.57  34934    1.0
outl_loglike[679]   3.54  8.7e-3   1.12    1.4   3.39   3.77   4.03   4.48  16644    1.0
outl_loglike[680]   3.69  6.9e-3   0.81   1.86   3.52   3.85    4.1   4.54  13907    1.0
outl_loglike[681]   3.54  8.7e-3    1.1   1.29   3.39   3.76   4.02   4.48  15866    1.0
outl_loglike[682]   3.66  7.3e-3    0.9   1.69   3.51   3.84   4.09   4.54  15050    1.0
outl_loglike[683]   3.39    0.01   1.21   1.07   3.25   3.63   3.89   4.35  14508    1.0
outl_loglike[684]   3.63  5.0e-3   0.81   1.65   3.42   3.82   4.08   4.53  25555    1.0
outl_loglike[685]   3.96  1.6e-3    0.3    3.4   3.76   3.95   4.15   4.57  34027    1.0
outl_loglike[686]   3.95  2.6e-3   0.38   3.08   3.76   3.98   4.19   4.61  21180    1.0
outl_loglike[687]   3.15    0.01   1.62   -0.3   3.07   3.52    3.8   4.26  16365    1.0
outl_loglike[688]   3.86  3.3e-3   0.49   2.66   3.67   3.93   4.15   4.58  21818    1.0
outl_loglike[689]   3.36  7.8e-3   1.02   1.24   3.21   3.58   3.83   4.29  16989    1.0
outl_loglike[690]    3.5  9.9e-3   1.15   1.19   3.36   3.74    4.0   4.45  13375    1.0
outl_loglike[691]   3.42    0.01   1.65   0.55   3.34   3.76   4.02   4.48  13836    1.0
outl_loglike[692]   3.73  5.5e-3    0.7   2.01   3.55   3.87   4.11   4.55  16255    1.0
outl_loglike[693]   3.88  2.9e-3   0.45   2.76   3.68   3.93   4.15   4.58  23738    1.0
outl_loglike[694]   3.48  9.9e-3   1.24   1.07   3.35   3.73   3.99   4.44  15772    1.0
outl_loglike[695]   3.56  8.8e-3   1.16   1.19   3.39   3.82   4.08   4.54  17366    1.0
outl_loglike[696]   3.32  2.1e-3   0.41   2.47   3.06   3.33    3.6    4.1  39629    1.0
outl_loglike[697]   3.73  1.7e-3   0.33    3.1   3.51   3.73   3.94   4.39  37046    1.0
outl_loglike[698]   2.11  5.5e-3   1.13  -0.62   1.51   2.28   2.91    3.8  42364    1.0
outl_loglike[699]   2.94  2.9e-3   0.43   1.91   2.74   2.98   3.21   3.65  22187    1.0
outl_loglike[700]   3.51    0.01    1.4    0.9    3.4    3.8   4.06   4.52  15520    1.0
outl_loglike[701]   3.63  7.2e-3   0.94   1.64   3.47   3.82   4.08   4.53  17136    1.0
outl_loglike[702]   3.78  4.2e-3    0.6   2.28   3.59   3.89   4.13   4.57  20463    1.0
outl_loglike[703]   3.44  8.9e-3   1.09    1.3    3.3   3.66   3.92   4.36  14841    1.0
outl_loglike[704]   3.95  2.5e-3   0.37   3.09   3.76   3.98   4.19   4.61  21965    1.0
outl_loglike[705]   3.92  1.6e-3    0.3   3.36   3.72   3.91   4.11   4.53  37027    1.0
outl_loglike[706]    2.9  8.4e-3   1.18   0.12   2.72   3.19   3.48   3.96  19636    1.0
outl_loglike[707]   3.56  8.4e-3   1.01   1.45   3.39   3.77   4.03   4.48  14419    1.0
outl_loglike[708]   3.79  3.9e-3   0.58   2.32    3.6    3.9   4.13   4.57  22366    1.0
outl_loglike[709]    4.1  1.5e-3   0.26   3.65   3.92   4.09   4.27   4.67  31215    1.0
outl_loglike[710]   3.72  4.1e-3   0.66   2.03   3.53   3.86    4.1   4.55  25620    1.0
outl_loglike[711]   3.83  2.3e-3   0.44   2.78   3.61   3.88   4.11   4.56  35214    1.0
outl_loglike[712]   2.51  2.4e-3   0.45    1.6   2.21   2.52   2.81   3.36  35175    1.0
outl_loglike[713]    3.8  3.3e-3   0.53   2.43    3.6   3.89   4.13   4.57  26025    1.0
outl_loglike[714]   3.43  5.7e-3   0.95   1.04   3.12   3.68   4.01    4.5  27235    1.0
outl_loglike[715]   3.87  1.9e-3   0.35   3.14   3.66   3.88   4.11   4.54  35468    1.0
outl_loglike[716]   2.15  4.3e-3   0.79   0.39   1.67   2.22   2.71   3.49  33856    1.0
outl_loglike[717]   3.95  1.6e-3   0.31   3.34   3.74   3.94   4.15   4.57  36175    1.0
outl_loglike[718]   3.95  2.3e-3   0.37   3.12   3.76   3.98   4.19    4.6  25683    1.0
outl_loglike[719]   3.42  3.0e-3   0.58   2.09   3.08   3.48   3.82   4.37  38137    1.0
outl_loglike[720]   3.36  3.5e-3   0.62   1.91   3.02   3.45   3.79   4.31  31844    1.0
outl_loglike[721]    4.1  1.5e-3   0.27   3.64   3.91   4.08   4.27   4.66  30559    1.0
outl_loglike[722]   3.92  1.8e-3   0.35    3.2   3.71   3.93   4.15   4.57  35234    1.0
outl_loglike[723]   2.08  6.6e-3   1.32   -1.2   1.44   2.32    3.0   3.91  40326    1.0
outl_loglike[724]   2.63  5.0e-3   1.04   0.13    2.1   2.81   3.37   4.11  43255    1.0
outl_loglike[725]   4.02  1.7e-3    0.3   3.43   3.83   4.02   4.22   4.62  31128    1.0
outl_loglike[726]   3.69  1.8e-3   0.35   2.98   3.46    3.7   3.92   4.37  37106    1.0
outl_loglike[727]   4.04  1.6e-3   0.29   3.52   3.85   4.03   4.23   4.64  30668    1.0
outl_loglike[728]    3.8  2.7e-3   0.49   2.61   3.58   3.88   4.11   4.56  32701    1.0
outl_loglike[729]   4.06  1.6e-3   0.28   3.54   3.87   4.05   4.24   4.64  29700    1.0
outl_loglike[730]   3.89  3.1e-3   0.45    2.8    3.7   3.94   4.16   4.59  20193    1.0
outl_loglike[731]   3.64  1.9e-3   0.37   2.88    3.4   3.65   3.89   4.36  38178    1.0
outl_loglike[732]   3.34  2.2e-3   0.43   2.48   3.06   3.34   3.63   4.16  37676    1.0
outl_loglike[733]   3.83  3.7e-3   0.52   2.52   3.64   3.91   4.13   4.57  19033    1.0
outl_loglike[734]   3.88  2.2e-3   0.39   3.02   3.65    3.9   4.13   4.58  31881    1.0
outl_loglike[735]   3.75  1.9e-3   0.38   2.98   3.52   3.76    4.0   4.46  37278    1.0
outl_loglike[736]    4.1  1.5e-3   0.26   3.64   3.91   4.09   4.27   4.67  30038    1.0
outl_loglike[737]   4.05  1.7e-3   0.29   3.51   3.86   4.05   4.24   4.64  27201    1.0
outl_loglike[738]   3.42  2.1e-3   0.41    2.6   3.15   3.42   3.69   4.21  38016    1.0
outl_loglike[739]   3.43  2.4e-3   0.51   2.29   3.14   3.48   3.78    4.3  45256    1.0
outl_loglike[740]   4.08  1.6e-3   0.27   3.59   3.89   4.07   4.25   4.65  28868    1.0
outl_loglike[741]   4.11  1.5e-3   0.26   3.67   3.93    4.1   4.28   4.67  31154    1.0
outl_loglike[742]   3.86  1.8e-3   0.35   3.16   3.64   3.86   4.09   4.53  35010    1.0
outl_loglike[743]   2.57  2.7e-3   0.51   1.53   2.24   2.58   2.92   3.54  36076    1.0
outl_loglike[744]   3.96  2.2e-3   0.37   3.09   3.76   3.98   4.19   4.61  28715    1.0
outl_loglike[745]   3.99  2.2e-3   0.34   3.25   3.79    4.0    4.2   4.62  23159    1.0
outl_loglike[746]   4.07  1.6e-3   0.28   3.58   3.88   4.06   4.25   4.64  30777    1.0
outl_loglike[747]   3.53  2.3e-3   0.46   2.54   3.25   3.56   3.84   4.35  39899    1.0
outl_loglike[748]   4.03  1.6e-3   0.29   3.47   3.84   4.02   4.22   4.63  32160    1.0
outl_loglike[749]   2.72  3.7e-3   0.64   1.28   2.32   2.78   3.17   3.81  29709    1.0
outl_loglike[750]   3.74  2.4e-3   0.45    2.7   3.49   3.79   4.04    4.5  36044    1.0
outl_loglike[751]   4.09  1.6e-3   0.27    3.6    3.9   4.07   4.26   4.67  30288    1.0
outl_loglike[752]   3.67  2.3e-3   0.46   2.63   3.41   3.71   3.98   4.46  40932    1.0
outl_loglike[753]   2.46  9.6e-3   1.68  -2.13   1.91   2.89   3.55   4.28  30620    1.0
outl_loglike[754]   3.82  1.8e-3   0.35   3.09    3.6   3.83   4.06   4.48  38678    1.0
outl_loglike[755]   3.57  1.9e-3   0.35   2.89   3.35   3.58    3.8   4.26  32651    1.0
outl_loglike[756]   3.93  2.2e-3   0.38   3.04   3.74   3.96   4.17    4.6  30446    1.0
outl_loglike[757]   3.91  2.2e-3   0.39    3.0   3.71   3.94   4.16   4.58  31827    1.0
outl_loglike[758]   4.08  1.6e-3   0.27   3.59   3.89   4.06   4.25   4.65  30191    1.0
outl_loglike[759]   2.51  3.1e-3   0.64   1.15   2.11   2.55   2.96   3.67  44027    1.0
outl_loglike[760]   3.91  2.3e-3    0.4   2.97   3.71   3.94   4.17   4.59  29299    1.0
outl_loglike[761]   3.89  3.0e-3   0.44   2.82    3.7   3.94   4.16   4.58  21606    1.0
outl_loglike[762]   2.16  4.2e-3   0.88   0.19   1.65   2.25   2.78   3.63  43660    1.0
outl_loglike[763]   3.98  1.7e-3   0.29   3.44   3.78   3.97   4.17   4.59  31007    1.0
outl_loglike[764]    4.1  1.5e-3   0.26   3.65   3.91   4.08   4.27   4.67  31191    1.0
outl_loglike[765]   3.92  2.4e-3    0.4   2.98   3.72   3.95   4.17    4.6  28533    1.0
outl_loglike[766]   4.11  1.5e-3   0.26   3.65   3.92   4.09   4.27   4.67  30507    1.0
outl_loglike[767]   4.06  1.6e-3   0.28   3.56   3.87   4.04   4.23   4.64  32079    1.0
outl_loglike[768]   4.04  1.8e-3   0.29   3.48   3.85   4.04   4.23   4.63  27299    1.0
outl_loglike[769]   4.04  1.6e-3   0.29    3.5   3.84   4.03   4.23   4.63  31187    1.0
outl_loglike[770]   4.03  1.8e-3   0.31   3.42   3.83   4.02   4.22   4.63  28268    1.0
outl_loglike[771]   3.87  1.7e-3   0.31   3.27   3.66   3.86   4.07   4.49  35026    1.0
outl_loglike[772]   4.11  1.5e-3   0.26   3.66   3.93    4.1   4.28   4.68  30621    1.0
outl_loglike[773]   2.98  2.5e-3   0.51   1.93   2.66   2.99   3.32   3.93  41308    1.0
outl_loglike[774]    4.0  2.1e-3   0.33   3.28    3.8   4.01   4.21   4.62  24693    1.0
outl_loglike[775]    0.5  5.5e-3   1.06  -1.84  -0.15   0.58   1.23   2.37  37586    1.0
outl_loglike[776]   3.57  2.1e-3   0.42   2.66   3.31   3.59   3.85   4.34  39960    1.0
outl_loglike[777]   3.78  2.7e-3   0.48   2.62   3.54   3.85    4.1   4.56  32440    1.0
outl_loglike[778]   3.42  3.0e-3   0.59   2.08   3.08   3.49   3.83   4.36  39172    1.0
outl_loglike[779]   3.13  3.9e-3   0.76   1.35   2.72   3.24   3.67    4.3  37299    1.0
outl_loglike[780]   1.58  3.6e-3   0.61   0.28    1.2   1.62    2.0   2.68  28866    1.0
outl_loglike[781]   3.85  2.3e-3   0.42   2.88   3.62   3.89   4.12   4.56  33890    1.0
outl_loglike[782]   3.91  2.0e-3   0.37    3.1    3.7   3.93   4.16   4.58  33083    1.0
outl_loglike[783]   2.57  3.3e-3   0.64    1.2   2.17   2.61   3.02   3.74  37165    1.0
outl_loglike[784]   4.04  1.7e-3   0.29   3.49   3.85   4.04   4.23   4.64  30854    1.0
outl_loglike[785]   3.75  1.9e-3   0.36   3.01   3.52   3.75   3.99   4.44  38142    1.0
outl_loglike[786]    3.6  2.2e-3    0.4    2.8   3.34    3.6   3.86   4.36  34155    1.0
outl_loglike[787]    3.3  2.2e-3   0.44   2.41   3.01    3.3   3.59   4.13  40018    1.0
outl_loglike[788]   3.34  4.2e-3   0.82   1.29   2.97   3.52    3.9   4.43  38170    1.0
outl_loglike[789]   3.85  3.3e-3   0.49   2.63   3.67   3.92   4.15   4.58  21893    1.0
outl_loglike[790]   3.89  2.3e-3   0.41   2.92   3.68   3.92   4.15   4.58  31150    1.0
outl_loglike[791]   4.13  1.5e-3   0.26   3.69   3.95   4.11    4.3   4.69  30788    1.0
outl_loglike[792]   4.04  1.6e-3   0.28   3.52   3.84   4.02   4.22   4.62  32097    1.0
outl_loglike[793]   4.07  1.6e-3   0.28   3.57   3.88   4.06   4.25   4.65  29222    1.0
outl_loglike[794]   3.98  1.6e-3    0.3   3.42   3.78   3.97   4.17   4.59  35162    1.0
outl_loglike[795]   3.68  3.1e-3   0.58   2.21   3.42   3.79   4.06   4.53  35669    1.0
outl_loglike[796]   3.16  2.8e-3   0.59   1.87   2.82   3.21   3.57   4.17  42717    1.0
outl_loglike[797]   3.89  2.3e-3   0.41   2.91   3.68   3.93   4.15   4.57  32557    1.0
outl_loglike[798]  -1.08  7.3e-3   1.27  -3.75  -1.89  -1.01  -0.19   1.21  30571    1.0
outl_loglike[799]   4.09  1.5e-3   0.27   3.61    3.9   4.07   4.26   4.66  31323    1.0
outl_loglike[800]   3.79  1.8e-3   0.34   3.11   3.57   3.79   4.02   4.46  36043    1.0
outl_loglike[801]   0.49  5.2e-3   0.98  -1.62  -0.11   0.54   1.16   2.27  36191    1.0
outl_loglike[802]   3.92  2.4e-3    0.4   2.97   3.72   3.95   4.17   4.59  27768    1.0
outl_loglike[803]   3.86  3.3e-3   0.48   2.66   3.67   3.92   4.15   4.58  20716    1.0
outl_loglike[804]   3.87  1.8e-3   0.33   3.21   3.66   3.88   4.09   4.53  34249    1.0
outl_loglike[805]   3.79  1.9e-3   0.38   2.97   3.56    3.8   4.04   4.49  39865    1.0
outl_loglike[806]   3.95  2.1e-3   0.37   3.11   3.76   3.97   4.18   4.59  31120    1.0
outl_loglike[807]   3.85  1.9e-3   0.36    3.1   3.63   3.86   4.09   4.54  34922    1.0
outl_loglike[808]  -1.67  8.1e-3   1.34  -4.49  -2.51  -1.58  -0.73   0.72  27341    1.0
outl_loglike[809]   4.05  1.8e-3   0.29   3.49   3.85   4.04   4.23   4.64  27339    1.0
outl_loglike[810]   3.55  2.9e-3    0.5   2.39   3.28   3.62    3.9   4.37  30244    1.0
outl_loglike[811]   3.27  4.7e-3   0.89   1.03   2.88   3.48   3.87   4.41  35756    1.0
outl_loglike[812]   3.82  2.1e-3   0.41    2.9   3.59   3.85   4.09   4.54  37915    1.0
outl_loglike[813]   4.05  1.6e-3   0.29   3.51   3.85   4.04   4.23   4.64  31399    1.0
outl_loglike[814] -36.41    0.05   9.53 -57.65  -42.2  -35.5 -29.55 -20.39  32940    1.0
outl_loglike[815] -710.8    0.61  87.63 -898.4 -766.4 -704.9 -649.6 -555.9  20734    1.0
outl_loglike[816]  -4.17  8.5e-3   1.48   -7.3  -5.09   -4.1  -3.15  -1.45  30683    1.0
outl_loglike[817]  -23.6    0.03   4.74  -34.1 -26.52 -23.17 -20.23 -15.57  27049    1.0
outl_loglike[818]   3.54  1.9e-3   0.37   2.82    3.3   3.54   3.79   4.27  38688    1.0
outl_loglike[819]   2.58  3.3e-3   0.61   1.32   2.19    2.6   2.99   3.69  33782    1.0
outl_loglike[820]   3.93  1.7e-3   0.31   3.36   3.73   3.92   4.13   4.56  33579    1.0
outl_loglike[821]  -1.76  7.4e-3    1.3  -4.53  -2.56   -1.7  -0.87   0.63  31426    1.0
outl_loglike[822]    4.1  1.5e-3   0.27   3.63   3.91   4.08   4.27   4.67  30155    1.0
outl_loglike[823]   0.49    0.01   2.46  -5.69  -0.75    1.1   2.28   3.66  28085    1.0
outl_loglike[824]   3.07  3.5e-3   0.61   1.75   2.69   3.12    3.5   4.14  31039    1.0
outl_loglike[825]    4.1  1.5e-3   0.26   3.65   3.92   4.09   4.27   4.67  31557    1.0
outl_loglike[826]   1.96  5.0e-3    1.0  -0.31   1.38   2.07   2.66   3.59  40052    1.0
outl_loglike[827] -21.36    0.03   5.34 -33.01 -24.64  -20.9 -17.57 -12.25  32276    1.0
outl_loglike[828]   3.99  1.7e-3   0.31   3.41   3.79   3.99   4.19   4.61  31741    1.0
outl_loglike[829]   0.13  5.8e-3   1.09  -2.21  -0.55    0.2   0.88    2.1  35253    1.0
outl_loglike[830]   2.86  3.2e-3   0.58   1.64   2.49   2.88   3.25   3.91  32403    1.0
outl_loglike[831]   3.31  2.2e-3   0.42   2.48   3.03   3.31   3.59   4.13  37242    1.0
outl_loglike[832]    3.8  2.1e-3   0.39   2.96   3.57   3.82   4.07   4.52  34879    1.0
outl_loglike[833] -29.41    0.03   5.38  -41.2 -32.71 -28.96  -25.6 -20.12  27151    1.0
outl_loglike[834]   4.11  1.5e-3   0.26   3.66   3.92   4.09   4.28   4.67  31415    1.0
outl_loglike[835]    3.1  2.8e-3   0.54   1.92   2.77   3.14   3.47   4.04  37691    1.0
outl_loglike[836]   0.57  6.8e-3   1.19  -2.09  -0.16   0.69    1.4   2.58  30851    1.0
outl_loglike[837]   3.99  1.6e-3   0.29   3.45   3.79   3.98   4.18   4.59  31912    1.0
outl_loglike[838]   3.53  2.0e-3   0.41   2.69   3.28   3.55    3.8   4.29  41377    1.0
outl_loglike[839]   4.08  1.5e-3   0.27   3.61   3.89   4.06   4.25   4.65  31468    1.0
outl_loglike[840]   4.04  1.6e-3   0.28   3.53   3.85   4.03   4.22   4.63  32913    1.0
outl_loglike[841]   1.72  3.7e-3   0.71   0.24   1.28   1.75    2.2   3.07  36690    1.0
outl_loglike[842]   3.27  2.9e-3   0.58   1.99   2.92   3.33   3.68   4.25  40383    1.0
outl_loglike[843]  -3.94  9.8e-3   1.72  -7.65  -4.98  -3.81  -2.75  -0.89  30532    1.0
outl_loglike[844]   3.87  1.9e-3   0.36    3.1   3.65   3.88    4.1   4.53  37125    1.0
outl_loglike[845]   4.07  1.6e-3   0.27   3.59   3.88   4.06   4.25   4.65  30935    1.0
outl_loglike[846]   4.09  1.5e-3   0.26   3.63   3.91   4.08   4.26   4.66  31273    1.0
outl_loglike[847]   3.83  1.9e-3   0.34   3.15   3.61   3.83   4.06   4.51  33928    1.0
outl_loglike[848]   3.75  1.8e-3   0.34    3.1   3.52   3.74   3.97   4.42  36088    1.0
outl_loglike[849]   3.69  2.8e-3   0.54   2.37   3.43   3.78   4.05   4.51  36899    1.0
outl_loglike[850]   2.15  3.6e-3    0.7   0.63   1.72   2.19   2.63   3.42  38562    1.0
outl_loglike[851]   4.11  1.5e-3   0.26   3.65   3.92   4.09   4.27   4.67  30707    1.0
outl_loglike[852]   4.01  1.7e-3    0.3   3.43   3.81   4.01   4.21   4.62  30554    1.0
outl_loglike[853]  -0.13    0.01   2.28  -5.64   -1.4   0.33   1.55   3.07  26691    1.0
outl_loglike[854]   4.04  1.6e-3   0.28   3.52   3.85   4.03   4.23   4.63  31363    1.0
outl_loglike[855]    4.1  1.5e-3   0.27   3.64   3.92   4.09   4.27   4.67  30382    1.0
outl_loglike[856]   3.57  2.6e-3   0.52   2.39   3.28   3.62   3.92   4.42  40014    1.0
outl_loglike[857]  -7.19    0.01   2.58 -12.82  -8.78  -6.96  -5.38  -2.78  31965    1.0
outl_loglike[858]   4.08  1.5e-3   0.27   3.61   3.89   4.07   4.25   4.65  31336    1.0
outl_loglike[859]  -4.19  8.8e-3   1.56  -7.51  -5.16   -4.1  -3.13  -1.33  31773    1.0
outl_loglike[860]   3.96  1.7e-3   0.31   3.37   3.75   3.95   4.16   4.58  31251    1.0
outl_loglike[861]    2.6  3.2e-3   0.61   1.33   2.21   2.62   3.01   3.71  35611    1.0
outl_loglike[862]   2.12  4.3e-3   0.79   0.41   1.64   2.18   2.67   3.51  34595    1.0
outl_loglike[863]   4.07  1.5e-3   0.27   3.59   3.88   4.05   4.24   4.64  31682    1.0
outl_loglike[864]   4.07  1.5e-3   0.27   3.59   3.88   4.05   4.24   4.63  33227    1.0
outl_loglike[865]   4.04  1.6e-3   0.28   3.53   3.85   4.03   4.22   4.63  31890    1.0
outl_loglike[866]  -1.73    0.01   2.06  -6.21  -3.04  -1.55  -0.23   1.73  32550    1.0
outl_loglike[867]   4.08  1.5e-3   0.27    3.6   3.89   4.06   4.25   4.65  31185    1.0
outl_loglike[868]   3.38  2.3e-3   0.45   2.44   3.09   3.39   3.68   4.22  37876    1.0
outl_loglike[869]    4.0  1.7e-3   0.31   3.35   3.81    4.0    4.2    4.6  34212    1.0
outl_loglike[870]   3.38  2.6e-3   0.49   2.34   3.08   3.41   3.72   4.26  36946    1.0
outl_loglike[871]   4.06  1.6e-3   0.28   3.54   3.87   4.05   4.24   4.65  29959    1.0
outl_loglike[872] -29.46    0.06  11.22 -54.39 -36.35 -28.28 -21.52 -10.75  40394    1.0
outl_loglike[873]   0.68  6.1e-3   1.09   -1.7   0.03   0.78   1.44   2.57  31221    1.0
outl_loglike[874]   2.99  2.7e-3   0.53   1.85   2.66   3.02   3.35   3.96  40325    1.0
outl_loglike[875]   3.76  1.8e-3   0.34    3.1   3.53   3.76   3.98   4.43  35707    1.0
outl_loglike[876]   -2.5  9.5e-3   1.71  -6.15  -3.59   -2.4  -1.31   0.55  32369    1.0
outl_loglike[877]   3.65  1.8e-3   0.35   2.96   3.42   3.65   3.89   4.35  38237    1.0
outl_loglike[878]   4.05  1.5e-3   0.28   3.56   3.86   4.04   4.23   4.63  32111    1.0
outl_loglike[879]   2.33  3.0e-3    0.6   1.08   1.96   2.35   2.73   3.46  39204    1.0
outl_loglike[880]   3.57  2.2e-3   0.41   2.71    3.3   3.58   3.85   4.34  35461    1.0
outl_loglike[881]  -7.96    0.01   1.97 -12.19  -9.19  -7.85   -6.6  -4.43  25380    1.0
outl_loglike[882]   2.91  2.5e-3   0.51   1.88   2.59   2.93   3.25   3.87  40977    1.0
outl_loglike[883]  -7.11    0.02   3.58 -14.66  -9.39  -6.93  -4.64  -0.59  24702    1.0
outl_loglike[884]   4.06  1.5e-3   0.27   3.57   3.87   4.05   4.24   4.64  32656    1.0
outl_loglike[885] -14.74    0.02   3.65 -22.79 -16.98 -14.42 -12.16  -8.51  29786    1.0
lp__              -31.85    0.43  43.87 -118.3  -61.4 -31.43  -2.09  52.15  10238    1.0

Samples were drawn using NUTS at Wed Sep 18 20:47:12 2019.
For each parameter, n_eff is a crude measure of effective sample size,
and Rhat is the potential scale reduction factor on split chains (at 
convergence, Rhat=1).
