Inference for Stan model: anon_model_5d703b856fa2f28cab8159e4abe012f4.
4 chains, each with iter=40000; warmup=20000; thin=1; 
post-warmup draws per chain=20000, total post-warmup draws=80000.

                    mean se_mean     sd   2.5%    25%    50%    75%  97.5%  n_eff   Rhat
MB[1]             -19.14  2.3e-4   0.03 -19.19 -19.15 -19.14 -19.12 -19.09  12628    1.0
coeff_angles[1]     -0.2  2.9e-4   0.03  -0.27  -0.22   -0.2  -0.18  -0.14  11156    1.0
coeff_angles[2]     1.27  1.6e-4   0.02   1.21   1.25   1.27   1.28   1.31  25768    1.0
coeff_angles[3]    -0.06  2.8e-4   0.03  -0.11  -0.07  -0.06  -0.04-9.1e-3   8338    1.0
sigma_int[1]        0.11  1.7e-4   0.02   0.07    0.1   0.11   0.13   0.15  12588    1.0
outl_frac[1]        0.02  1.2e-4   0.02 1.5e-3 5.8e-3   0.01   0.02   0.07  22308    1.0
coeff[1]            -0.2  3.1e-4   0.03  -0.27  -0.22   -0.2  -0.18  -0.14  11095    1.0
coeff[2]             3.2  1.7e-3   0.28   2.67   3.02    3.2   3.39   3.76  25272    1.0
coeff[3]           -0.06  2.8e-4   0.03  -0.11  -0.07  -0.06  -0.04-9.1e-3   8323    1.0
outl_loglike[1]     5.67  5.9e-3   1.07   3.64   4.94   5.67   6.39   7.77  32750    1.0
outl_loglike[2]     5.63  6.2e-3    1.1   3.53    4.9   5.64   6.37   7.75  31722    1.0
outl_loglike[3]     5.32  7.2e-3   1.26   2.71   4.54   5.37   6.17    7.6  30643    1.0
outl_loglike[4]     5.44  7.8e-3   1.25   2.99   4.69   5.48   6.24   7.67  25515    1.0
outl_loglike[5]     5.66  5.9e-3   1.07   3.64   4.93   5.65   6.38   7.75  32937    1.0
outl_loglike[6]      5.5  6.2e-3   1.17   3.19   4.75   5.52   6.29   7.68  35009    1.0
outl_loglike[7]     5.46  5.5e-3   1.13   3.27   4.71   5.46   6.22   7.62  42109    1.0
outl_loglike[8]     5.62  5.9e-3   1.08   3.57   4.88   5.62   6.35   7.74  33191    1.0
outl_loglike[9]     5.82  5.5e-3    1.0    4.0   5.11   5.79    6.5   7.84  33171    1.0
outl_loglike[10]    3.32    0.03   4.56 -10.51   2.99    4.5   5.58   7.24  19055    1.0
outl_loglike[11]    5.73  5.6e-3   1.03   3.84   5.01   5.71   6.43   7.79  34056    1.0
outl_loglike[12]    5.71  5.7e-3   1.03   3.81   4.99    5.7   6.41   7.77  33481    1.0
outl_loglike[13]    5.61  5.4e-3   1.06   3.64   4.88    5.6   6.33   7.71  38974    1.0
outl_loglike[14]    5.77  5.7e-3   1.02    3.9   5.05   5.75   6.46   7.81  32554    1.0
outl_loglike[15]    5.79  5.7e-3   1.02   3.92   5.07   5.77   6.48   7.83  32336    1.0
outl_loglike[16]    5.65  5.9e-3   1.08   3.61   4.92   5.65   6.38   7.76  33066    1.0
outl_loglike[17]     5.5  6.1e-3   1.14   3.25   4.75   5.52   6.27   7.68  34605    1.0
outl_loglike[18]    5.64  5.8e-3   1.08   3.59   4.91   5.64   6.37   7.75  35143    1.0
outl_loglike[19]    5.77  5.7e-3   1.02   3.89   5.06   5.76   6.46   7.82  32563    1.0
outl_loglike[20]    5.73  5.7e-3   1.03   3.82   5.01   5.72   6.43   7.81  32595    1.0
outl_loglike[21]    5.77  5.7e-3   1.02    3.9   5.05   5.75   6.46    7.8  31938    1.0
outl_loglike[22]    5.68  5.8e-3   1.05   3.75   4.95   5.67    6.4   7.76  32657    1.0
outl_loglike[23]    5.77  5.7e-3   1.02    3.9   5.04   5.74   6.46   7.82  32653    1.0
outl_loglike[24]    5.75  5.7e-3   1.02   3.86   5.03   5.73   6.45    7.8  32359    1.0
outl_loglike[25]    5.62  5.6e-3   1.08   3.59   4.89   5.62   6.35   7.74  36616    1.0
outl_loglike[26]    5.72  5.7e-3   1.04    3.8    5.0   5.71   6.43   7.79  33173    1.0
outl_loglike[27]    5.65  5.8e-3   1.07   3.65   4.92   5.64   6.37   7.73  33820    1.0
outl_loglike[28]    5.79  5.5e-3   1.01   3.96   5.08   5.77   6.47   7.82  33659    1.0
outl_loglike[29]    5.61  5.8e-3   1.08   3.56   4.87   5.61   6.34   7.71  35013    1.0
outl_loglike[30]    5.52  6.3e-3   1.15   3.23   4.78   5.54   6.29   7.68  33363    1.0
outl_loglike[31]    4.62    0.01   2.11  -0.12   3.86   4.92   5.84   7.38  25993    1.0
outl_loglike[32]     5.8  5.6e-3   1.01   3.96   5.08   5.78   6.48   7.82  32504    1.0
outl_loglike[33]    5.73  5.7e-3   1.04   3.82   5.01   5.72   6.43   7.79  33093    1.0
outl_loglike[34]    5.67  5.9e-3   1.07   3.67   4.94   5.66   6.39   7.77  32659    1.0
outl_loglike[35]    5.67  5.9e-3   1.07   3.68   4.94   5.66   6.39   7.76  32895    1.0
outl_loglike[36]     4.1    0.02   2.76  -3.14   3.38   4.61    5.6   7.23  23165    1.0
outl_loglike[37]    5.67  6.2e-3   1.09   3.57   4.94   5.68   6.41   7.79  30779    1.0
outl_loglike[38]     5.4  5.8e-3   1.17   3.07   4.65   5.42   6.19   7.59  40131    1.0
outl_loglike[39]     5.8  5.6e-3   1.02   3.91   5.08   5.78   6.49   7.83  33368    1.0
outl_loglike[40]    5.79  5.6e-3   1.01   3.96   5.07   5.77   6.48   7.83  32682    1.0
outl_loglike[41]     5.7  5.7e-3   1.04   3.78   4.98   5.69   6.41   7.78  33889    1.0
outl_loglike[42]    5.79  5.7e-3   1.02   3.93   5.07   5.77   6.47   7.83  32098    1.0
outl_loglike[43]   -1.46    0.06    8.0 -21.31  -5.09   1.44   3.98   6.47  17226    1.0
outl_loglike[44]    5.37  6.4e-3    1.2   2.96   4.61   5.39   6.17    7.6  35493    1.0
outl_loglike[45]    4.12    0.01   2.02  -0.21   3.25   4.37   5.35   7.03  28419    1.0
outl_loglike[46]    5.42  6.8e-3   1.22   2.91   4.66   5.47   6.24   7.66  31842    1.0
outl_loglike[47]    4.31    0.01   2.12  -0.11   3.52   4.58   5.51   7.14  33809    1.0
outl_loglike[48]    5.71  5.9e-3   1.06   3.73   4.98    5.7   6.43    7.8  32413    1.0
outl_loglike[49]    5.44  7.0e-3   1.24    2.9    4.7   5.49   6.26   7.67  31393    1.0
outl_loglike[50]    5.29  6.7e-3   1.21   2.84   4.51   5.33   6.11   7.57  32969    1.0
outl_loglike[51]    5.72  5.8e-3   1.04   3.81    5.0   5.71   6.42   7.79  32034    1.0
outl_loglike[52]    5.41  5.9e-3   1.15   3.18   4.66   5.42   6.18   7.61  37076    1.0
outl_loglike[53]    4.29    0.02   2.32  -0.84   3.49   4.62    5.6    7.2  23494    1.0
outl_loglike[54]    5.74  5.8e-3   1.04   3.83   5.02   5.73   6.44   7.79  31694    1.0
outl_loglike[55]    5.62  5.8e-3   1.09   3.56   4.89   5.62   6.36   7.73  35633    1.0
outl_loglike[56]    5.73  5.9e-3   1.04    3.8    5.0   5.72   6.43   7.79  31440    1.0
outl_loglike[57]    4.82  8.9e-3   1.53   1.61   3.96   4.94   5.82   7.38  29642    1.0
outl_loglike[58]    5.76  5.4e-3   1.02   3.88   5.03   5.74   6.45    7.8  35426    1.0
outl_loglike[59]    1.85    0.03   4.45 -10.08   0.73   3.11   4.56   6.63  18209    1.0
outl_loglike[60]    5.68  5.8e-3   1.07   3.68   4.95   5.67   6.39   7.77  33577    1.0
outl_loglike[61]    5.69  5.8e-3   1.04   3.75   4.97   5.68    6.4   7.76  31979    1.0
outl_loglike[62]    5.71  5.7e-3   1.04   3.79   4.98   5.69   6.41   7.78  33596    1.0
outl_loglike[63]    5.64  5.6e-3   1.06   3.64   4.91   5.63   6.36   7.73  36105    1.0
outl_loglike[64]    5.75  5.6e-3   1.02   3.88   5.03   5.73   6.43   7.79  32821    1.0
outl_loglike[65]    5.17  7.3e-3   1.36   2.49   4.39   5.23   6.04   7.51  34382    1.0
outl_loglike[66]    5.64  6.4e-3    1.1   3.59   4.91   5.64   6.37   7.74  29344    1.0
outl_loglike[67]     4.8    0.01   1.98   0.78   4.05   5.04   5.93   7.45  32143    1.0
outl_loglike[68]    5.73  5.8e-3   1.04    3.8   5.01   5.72   6.43   7.79  32618    1.0
outl_loglike[69]    5.59  5.9e-3   1.11   3.44   4.85    5.6   6.34   7.73  35186    1.0
outl_loglike[70]    5.72  5.8e-3   1.04   3.79    5.0   5.71   6.43   7.78  31660    1.0
outl_loglike[71]    3.19    0.02   3.44  -5.94   2.45    3.9   5.05   6.86  18979    1.0
outl_loglike[72]    5.66  6.0e-3   1.08   3.59   4.93   5.66   6.39   7.76  32740    1.0
outl_loglike[73]    5.68  5.8e-3   1.06    3.7   4.95   5.67    6.4   7.76  32956    1.0
outl_loglike[74]    5.24  6.3e-3   1.36    2.6    4.5    5.3   6.08   7.53  46060    1.0
outl_loglike[75]    4.88  7.8e-3   1.42   1.98   4.06   4.96   5.82   7.35  32917    1.0
outl_loglike[76]    5.66  6.0e-3   1.09   3.58   4.92   5.66   6.39   7.76  32750    1.0
outl_loglike[77]     5.3  6.8e-3   1.28   2.64   4.53   5.36   6.15   7.61  35192    1.0
outl_loglike[78]    5.66  5.8e-3   1.06   3.65   4.93   5.65   6.37   7.75  33157    1.0
outl_loglike[79]    5.65  6.3e-3    1.1   3.51   4.91   5.66   6.39   7.77  29910    1.0
outl_loglike[80]    5.74  5.6e-3   1.03   3.86   5.01   5.72   6.43    7.8  33357    1.0
outl_loglike[81]    5.71  5.8e-3   1.04    3.8   4.99   5.69   6.42   7.79  32600    1.0
outl_loglike[82]    5.21  6.7e-3   1.28   2.61   4.43   5.26   6.06   7.52  36755    1.0
outl_loglike[83]    5.78  5.7e-3   1.01   3.93   5.06   5.76   6.47   7.82  32209    1.0
outl_loglike[84]    5.71  5.7e-3   1.05   3.75   4.98    5.7   6.41   7.77  34183    1.0
outl_loglike[85]    5.77  5.7e-3   1.02   3.89   5.05   5.75   6.46   7.81  32403    1.0
outl_loglike[86]    4.51    0.01   1.98   0.47   3.71   4.74   5.66   7.27  37509    1.0
outl_loglike[87]    5.77  5.6e-3   1.02   3.91   5.05   5.74   6.45   7.81  33226    1.0
outl_loglike[88]    5.75  5.8e-3   1.03   3.85   5.03   5.74   6.45    7.8  31551    1.0
outl_loglike[89]    5.71  5.9e-3   1.05   3.76   4.98    5.7   6.42   7.79  32158    1.0
outl_loglike[90]    5.64  5.8e-3   1.07   3.65   4.91   5.63   6.36   7.73  33553    1.0
outl_loglike[91]    5.66  6.0e-3   1.07   3.63   4.93   5.66   6.39   7.75  32058    1.0
outl_loglike[92]    5.38  6.4e-3   1.19   3.02   4.61    5.4   6.18   7.61  34931    1.0
outl_loglike[93]    5.58  6.7e-3   1.15   3.24   4.84   5.61   6.36   7.75  29914    1.0
outl_loglike[94]    5.68  6.0e-3   1.06    3.7   4.95   5.67    6.4   7.78  30740    1.0
outl_loglike[95]    5.61  5.7e-3   1.08   3.58   4.87    5.6   6.34   7.72  35454    1.0
outl_loglike[96]    5.64  5.7e-3   1.07   3.66    4.9   5.63   6.36   7.74  34989    1.0
outl_loglike[97]    4.59    0.01   1.87   0.69   3.76    4.8   5.73   7.33  33108    1.0
outl_loglike[98]    5.73  5.8e-3   1.04   3.78    5.0   5.72   6.44   7.79  31746    1.0
outl_loglike[99]     5.7  5.8e-3   1.05   3.76   4.97   5.69   6.41   7.77  32386    1.0
outl_loglike[100]    5.7  5.9e-3   1.06   3.69   4.97    5.7   6.42   7.79  31988    1.0
outl_loglike[101]   5.39  6.0e-3   1.17   3.05   4.63   5.41   6.18    7.6  38565    1.0
outl_loglike[102]   5.74  5.6e-3   1.03   3.84   5.01   5.72   6.44   7.79  33755    1.0
outl_loglike[103]   5.65  5.9e-3   1.07   3.66   4.93   5.65   6.38   7.75  33474    1.0
lp__              181.82    0.24  20.47  143.4 168.12 181.13  194.7 223.93   7581    1.0

Samples were drawn using NUTS at Wed Mar 18 13:49:05 2020.
For each parameter, n_eff is a crude measure of effective sample size,
and Rhat is the potential scale reduction factor on split chains (at 
convergence, Rhat=1).
