Inference for Stan model: anon_model_5d703b856fa2f28cab8159e4abe012f4.
4 chains, each with iter=40000; warmup=20000; thin=1; 
post-warmup draws per chain=20000, total post-warmup draws=80000.

                    mean se_mean     sd   2.5%    25%    50%    75%  97.5%  n_eff   Rhat
MB[1]              -19.1  2.1e-3   0.07 -19.23 -19.13  -19.1 -19.07 -18.91   1291    1.0
coeff_angles[1]    -0.22  3.1e-3   0.08  -0.42  -0.25   -0.2  -0.17  -0.05    728   1.01
coeff_angles[2]     1.17    0.01   0.29   0.21    1.2   1.26   1.29   1.34    772   1.01
coeff_angles[3]    -0.21    0.01   0.25  -0.74  -0.33  -0.19  -0.08   0.31    456   1.01
coeff_angles[4]    -0.15    0.01   0.22   -0.6  -0.25  -0.13  -0.04   0.31    409   1.01
coeff_angles[5]     0.12    0.01   0.22  -0.34   0.02   0.11   0.23   0.57    397   1.02
sigma_int[1]        0.09  9.4e-4   0.03   0.03   0.07   0.09   0.11   0.14    883   1.01
outl_frac[1]        0.01  1.7e-4   0.01 1.3e-3 4.4e-3 8.3e-3   0.02   0.05   5177    1.0
coeff[1]           -0.22  3.3e-3   0.09  -0.45  -0.25  -0.21  -0.18  -0.05    770   1.01
coeff[2]            2.86    0.03   0.98   0.22   2.58   3.09   3.42   4.23    884   1.01
coeff[3]           -0.22    0.01    0.3  -0.91  -0.35  -0.19  -0.08   0.32    429   1.01
coeff[4]           -0.15    0.01   0.25  -0.68  -0.26  -0.13  -0.05   0.32    373   1.02
coeff[5]            0.13    0.01   0.25  -0.35   0.02   0.11   0.24   0.64    356   1.02
outl_loglike[1]     5.99    0.02   1.34   3.52   5.26   6.04    6.8   8.21   5038    1.0
outl_loglike[2]     6.14    0.02    1.1   3.96   5.44   6.16   6.86   8.24   4093    1.0
outl_loglike[3]     6.15    0.02   1.15   3.94   5.44   6.17    6.9   8.29   4811    1.0
outl_loglike[4]     6.16    0.02   1.11   4.01   5.46   6.18    6.9   8.24   5125    1.0
outl_loglike[5]     6.16    0.02   1.11    4.0   5.45   6.17    6.9   8.27   3998    1.0
outl_loglike[6]     5.99    0.02   1.29   3.51   5.27   6.05    6.8   8.23   4532    1.0
outl_loglike[7]     5.98    0.02   1.23   3.54   5.25   6.03   6.78    8.2   3678    1.0
outl_loglike[8]     6.06    0.02   1.26   3.78   5.35    6.1   6.83   8.24   5759    1.0
outl_loglike[9]     6.05    0.02   1.45   3.73   5.32   6.08   6.82   8.24   6292    1.0
outl_loglike[10]    3.77     0.1   6.77 -14.35   3.89   5.29    6.3   7.94   4856    1.0
outl_loglike[11]    6.12    0.02   1.19   3.82    5.4   6.15   6.89   8.29   4068    1.0
outl_loglike[12]     6.2    0.03    1.2   4.13   5.52   6.22   6.92   8.25   2302    1.0
outl_loglike[13]    5.87    0.02   1.47    3.3   5.11   5.93   6.72   8.18   5589    1.0
outl_loglike[14]    6.23    0.02   1.06   4.16   5.53   6.23   6.94   8.27   4798    1.0
outl_loglike[15]    6.27    0.01   1.08   4.26   5.59   6.28   6.98   8.32   5941    1.0
outl_loglike[16]    6.08    0.02    1.2   3.77   5.38   6.12   6.85   8.24   5171    1.0
outl_loglike[17]    6.12    0.02   1.15   3.89   5.41   6.15   6.87   8.27   4646    1.0
outl_loglike[18]    6.01    0.02    1.2    3.6   5.27   6.05   6.81   8.25   3895    1.0
outl_loglike[19]    6.26    0.02   1.04   4.28   5.57   6.26   6.95   8.31   4707    1.0
outl_loglike[20]    6.22    0.02   1.08   4.13   5.52   6.23   6.93   8.32   3389    1.0
outl_loglike[21]    6.24    0.02   1.06   4.18   5.54   6.24   6.94   8.32   3436    1.0
outl_loglike[22]    6.14    0.01   1.08   4.06   5.45   6.15   6.85   8.17   6846    1.0
outl_loglike[23]    6.24    0.02   1.08   4.22   5.55   6.24   6.94   8.32   3958    1.0
outl_loglike[24]    6.23    0.02   1.07   4.21   5.54   6.24   6.94   8.29   4149    1.0
outl_loglike[25]    6.09    0.02   1.21   3.78   5.37   6.12   6.85   8.25   4786    1.0
outl_loglike[26]     6.2    0.02   1.13   4.14   5.51   6.21   6.91   8.24   4835    1.0
outl_loglike[27]    6.14    0.02    1.1   4.02   5.45   6.16   6.87   8.21   4010    1.0
outl_loglike[28]    5.66    0.02   1.94    2.7   4.91    5.8   6.63   8.15  10936    1.0
outl_loglike[29]    6.04    0.02   1.17    3.7   5.33   6.08   6.81   8.18   5009    1.0
outl_loglike[30]    6.07    0.02   1.13   3.84   5.37   6.09   6.81   8.16   5255    1.0
outl_loglike[31]     5.5    0.02   2.15   1.97   4.78   5.72   6.55   8.02  10394    1.0
outl_loglike[32]    6.26    0.02   1.05   4.25   5.56   6.26   6.95   8.31   4238    1.0
outl_loglike[33]    6.23    0.02   1.06   4.18   5.53   6.23   6.94   8.27   3812    1.0
outl_loglike[34]    6.17    0.02    1.1   4.02   5.46   6.19   6.91   8.26   3736    1.0
outl_loglike[35]    6.16    0.02    1.2   3.97   5.46   6.18    6.9   8.27   4788    1.0
outl_loglike[36]    4.77    0.03   4.17   -2.4   4.27   5.41   6.35    7.9  18326    1.0
outl_loglike[37]    6.16    0.02   1.12   3.98   5.46   6.18    6.9   8.28   4401    1.0
outl_loglike[38]    6.18    0.02    1.1   4.08   5.48   6.19   6.91    8.3   4643    1.0
outl_loglike[39]    6.28    0.01   1.03    4.3   5.59   6.28   6.96   8.28   6784    1.0
outl_loglike[40]    6.19    0.02   1.11   4.04   5.49   6.21   6.92   8.32   3501    1.0
outl_loglike[41]    6.23    0.02   1.07   4.19   5.54   6.24   6.94    8.3   3918    1.0
outl_loglike[42]    6.27    0.02   1.05   4.27   5.57   6.27   6.96   8.32   3744    1.0
outl_loglike[43]    3.22     0.2   8.77 -14.92   3.47   5.02   6.17   7.96   1853    1.0
outl_loglike[44]    6.03    0.02   1.29   3.65   5.31   6.08   6.82   8.26   4033    1.0
outl_loglike[45]    4.94    0.02   2.87   0.52   4.12   5.25   6.27   7.96  13920    1.0
outl_loglike[46]    5.86    0.02   1.62   3.24   5.12   5.94   6.73   8.16   6829    1.0
outl_loglike[47]    3.09    0.09   8.75 -15.22   3.22    4.8   6.03    7.9   9876    1.0
outl_loglike[48]    6.18    0.02   1.11   4.04   5.47   6.19   6.91   8.31   4517    1.0
outl_loglike[49]    5.93    0.02   1.34    3.3   5.21   6.01   6.75   8.21   5156    1.0
outl_loglike[50]     5.9    0.02   1.37   3.33   5.14   5.96   6.74   8.19   6071    1.0
outl_loglike[51]    6.19    0.01    1.1   4.08   5.49    6.2   6.91   8.25   5929    1.0
outl_loglike[52]    6.07    0.02   1.18   3.78   5.35    6.1   6.84   8.27   3732    1.0
outl_loglike[53]    4.74    0.05   4.62  -0.46   4.09   5.27   6.28   7.93  10232    1.0
outl_loglike[54]    6.25    0.02   1.07   4.23   5.56   6.25   6.95   8.31   4189    1.0
outl_loglike[55]    6.01    0.02   1.27   3.58   5.29   6.06   6.81   8.23   4786    1.0
outl_loglike[56]    6.21    0.02   1.08   4.11    5.5   6.22   6.93   8.28   4624    1.0
outl_loglike[57]    5.67    0.02   1.64   2.69   4.88   5.78   6.62   8.18   5190    1.0
outl_loglike[58]    6.25    0.02   1.05   4.24   5.56   6.25   6.96    8.3   4617    1.0
outl_loglike[59]    3.95    0.05   5.51  -7.16   3.44    4.9   6.07   7.92  14281    1.0
outl_loglike[60]    6.22    0.02   1.07   4.16   5.52   6.22   6.93   8.29   3568    1.0
outl_loglike[61]    6.18    0.02   1.07    4.1   5.49   6.19    6.9   8.23   4150    1.0
outl_loglike[62]    6.16    0.01   1.09   4.02   5.47   6.18   6.88   8.19   9119    1.0
outl_loglike[63]    6.17    0.02   1.09   4.07   5.46   6.18   6.89   8.28   4093    1.0
outl_loglike[64]    6.26    0.02   1.06   4.24   5.56   6.26   6.96    8.3   3967    1.0
outl_loglike[65]    5.95    0.02   1.37   3.42   5.21   6.01   6.77   8.25   4703    1.0
outl_loglike[66]    6.21    0.02    1.1   4.09   5.51   6.22   6.93   8.28   4234    1.0
outl_loglike[67]    5.59    0.02   2.14    2.3   4.89    5.8   6.62   8.04  11866    1.0
outl_loglike[68]    6.23    0.02   1.06   4.18   5.53   6.23   6.94   8.28   4439    1.0
outl_loglike[69]    6.13    0.02   1.43   3.92   5.43   6.16   6.89   8.25   4709    1.0
outl_loglike[70]     6.2    0.01    1.1   4.16   5.51   6.21   6.91   8.25   7335    1.0
outl_loglike[71]    5.88    0.03   1.75   3.05   5.16    6.0   6.77   8.23   4410    1.0
outl_loglike[72]    6.15    0.02   1.13   3.99   5.46   6.17   6.87   8.23   4902    1.0
outl_loglike[73]    6.16    0.02   1.09   4.01   5.45   6.17   6.88   8.23   3937    1.0
outl_loglike[74]    5.65    0.02   1.94   2.53   4.93   5.81   6.62    8.1   9019    1.0
outl_loglike[75]    5.55    0.03   1.83   2.51   4.76   5.68   6.54   8.16   4513    1.0
outl_loglike[76]    6.25    0.02   1.06   4.23   5.56   6.25   6.95   8.32   3894    1.0
outl_loglike[77]    6.16    0.02   1.12   3.95   5.46   6.18    6.9   8.26   4226    1.0
outl_loglike[78]    6.25    0.02   1.18   4.23   5.55   6.25   6.95   8.32   4426    1.0
outl_loglike[79]    6.26    0.02   1.05   4.24   5.57   6.27   6.96   8.32   4227    1.0
outl_loglike[80]    6.26    0.02   1.04   4.27   5.57   6.27   6.95    8.3   4479    1.0
outl_loglike[81]    6.21    0.02   1.07   4.15   5.51   6.22   6.92   8.27   4738    1.0
outl_loglike[82]    5.92    0.02   1.35   3.34   5.18   5.98   6.76   8.21   3977    1.0
outl_loglike[83]    6.27    0.02   1.06   4.29   5.58   6.27   6.97   8.32   4301    1.0
outl_loglike[84]     6.1    0.02   1.16   3.84   5.38   6.13   6.86   8.27   4217    1.0
outl_loglike[85]    6.21    0.02   1.08   4.12    5.5   6.21   6.92   8.31   3476    1.0
outl_loglike[86]    5.23    0.03   3.18   1.23   4.56   5.57   6.46   8.01   9021    1.0
outl_loglike[87]    6.25    0.02   1.05   4.25   5.56   6.26   6.95    8.3   4662    1.0
outl_loglike[88]    6.21    0.02   1.11   4.12    5.5   6.21   6.93   8.31   3705    1.0
outl_loglike[89]    6.21    0.02   1.08   4.13   5.51   6.22   6.93   8.29   4084    1.0
outl_loglike[90]    6.15    0.02   1.11   3.97   5.43   6.16   6.89   8.31   3392    1.0
outl_loglike[91]    6.14    0.02   1.11   3.95   5.45   6.16   6.87   8.19   5471    1.0
outl_loglike[92]     6.2    0.02    1.1   4.05   5.49   6.21   6.92    8.3   3956    1.0
outl_loglike[93]    6.23    0.02   1.07   4.16   5.54   6.24   6.94   8.29   4464    1.0
outl_loglike[94]    6.21    0.02   1.07   4.12    5.5   6.22   6.92   8.28   3725    1.0
outl_loglike[95]    6.23    0.02   1.08   4.15   5.52   6.23   6.94    8.3   4226    1.0
outl_loglike[96]    6.11    0.01   1.13    3.9    5.4   6.13   6.85   8.19   8877    1.0
outl_loglike[97]    5.67    0.02   1.85    2.6   4.91   5.81   6.64   8.13   8134    1.0
outl_loglike[98]    6.16    0.02    1.1   3.97   5.44   6.18    6.9    8.3   3313    1.0
outl_loglike[99]    6.19    0.02   1.07   4.11   5.49    6.2    6.9   8.25   4651    1.0
outl_loglike[100]   6.11    0.02   1.15   3.83   5.39   6.13   6.86   8.28   3629    1.0
outl_loglike[101]   5.97    0.02   1.21   3.56   5.24   6.01   6.76   8.16   4132    1.0
outl_loglike[102]   6.23    0.02   1.25   4.19   5.53   6.24   6.94   8.29   6323    1.0
outl_loglike[103]   6.18    0.01   1.06   4.14    5.5   6.19   6.89   8.21   7573    1.0
lp__               72.23    4.32  75.64 -48.98  14.29  64.12 122.25  237.6    306   1.02

Samples were drawn using NUTS at Wed Mar 18 21:08:55 2020.
For each parameter, n_eff is a crude measure of effective sample size,
and Rhat is the potential scale reduction factor on split chains (at 
convergence, Rhat=1).
