Inference for Stan model: anon_model_5d703b856fa2f28cab8159e4abe012f4.
4 chains, each with iter=40000; warmup=20000; thin=1; 
post-warmup draws per chain=20000, total post-warmup draws=80000.

                    mean se_mean     sd   2.5%    25%    50%    75%  97.5%  n_eff   Rhat
MB[1]             -19.12  2.4e-4   0.03 -19.18 -19.14 -19.12 -19.11 -19.07  12519    1.0
coeff_angles[1]    -0.19  2.4e-4   0.03  -0.25  -0.21  -0.19  -0.17  -0.14  14149    1.0
coeff_angles[2]     1.27  1.2e-4   0.02   1.23   1.26   1.27   1.29   1.31  33752    1.0
coeff_angles[3]    -0.07  4.1e-4   0.05  -0.16   -0.1  -0.08  -0.05   0.02  12870    1.0
coeff_angles[4]    -0.04  3.5e-4   0.03  -0.11  -0.06  -0.04  -0.02   0.02   8788    1.0
sigma_int[1]        0.11  1.6e-4   0.02   0.07    0.1   0.11   0.12   0.14  11759    1.0
outl_frac[1]        0.01  6.0e-5   0.01 1.3e-3 4.6e-3 8.7e-3   0.02   0.05  44696    1.0
coeff[1]            -0.2  2.5e-4   0.03  -0.26  -0.21  -0.19  -0.18  -0.14  14023    1.0
coeff[2]            3.27  1.5e-3   0.26   2.78    3.1   3.27   3.44    3.8  30544    1.0
coeff[3]           -0.07  4.2e-4   0.05  -0.16  -0.11  -0.08  -0.05   0.02  12899    1.0
coeff[4]           -0.04  3.5e-4   0.03  -0.11  -0.06  -0.04  -0.02   0.02   8734    1.0
outl_loglike[1]     5.75  4.5e-3   1.15   3.36   5.05   5.79   6.51   7.85  65654    1.0
outl_loglike[2]     5.97  4.1e-3   1.03   3.93    5.3   5.98   6.66   7.96  64243    1.0
outl_loglike[3]     5.88  4.1e-3   1.07   3.74    5.2    5.9    6.6   7.91  67034    1.0
outl_loglike[4]     5.98  4.0e-3   1.03   3.95   5.31   5.98   6.66   7.96  64910    1.0
outl_loglike[5]     5.97  4.0e-3   1.03   3.94   5.29   5.97   6.65   7.95  65204    1.0
outl_loglike[6]     5.74  4.7e-3   1.15   3.33   5.04   5.79    6.5   7.83  60059    1.0
outl_loglike[7]     5.75  3.9e-3    1.1   3.52   5.06   5.78   6.49   7.83  80636    1.0
outl_loglike[8]     5.87  4.0e-3   1.06   3.74   5.19   5.88   6.58   7.91  69053    1.0
outl_loglike[9]      5.8  4.1e-3   1.08   3.65   5.11   5.82   6.52   7.86  69943    1.0
outl_loglike[10]    3.63    0.03   4.54 -10.12    3.3   4.78   5.81   7.43  30583    1.0
outl_loglike[11]    5.98  3.8e-3   1.02   3.99   5.31   5.98   6.66   7.97  70823    1.0
outl_loglike[12]    6.05  3.8e-3   0.99   4.13   5.39   6.04   6.71   7.99  67358    1.0
outl_loglike[13]    5.56  4.1e-3   1.18    3.1   4.83    5.6   6.34   7.73  82323    1.0
outl_loglike[14]    6.08  3.8e-3   0.98   4.21   5.42   6.07   6.73   8.02  65597    1.0
outl_loglike[15]    6.12  3.7e-3   0.96   4.29   5.46    6.1   6.76   8.04  67618    1.0
outl_loglike[16]    5.88  4.3e-3   1.08   3.69   5.19   5.91    6.6   7.92  64942    1.0
outl_loglike[17]    5.93  4.1e-3   1.04   3.87   5.25   5.94   6.62   7.94  65917    1.0
outl_loglike[18]    5.76  4.2e-3   1.11    3.5   5.06    5.8   6.51   7.84  68843    1.0
outl_loglike[19]     6.1  3.8e-3   0.97   4.25   5.45   6.09   6.75   8.04  64436    1.0
outl_loglike[20]    6.07  3.8e-3   0.98   4.19   5.41   6.06   6.72   8.02  67985    1.0
outl_loglike[21]    6.08  3.8e-3   0.98   4.21   5.41   6.07   6.73   8.01  65947    1.0
outl_loglike[22]    5.98  3.9e-3   1.01   4.03   5.32   5.98   6.66   7.95  65718    1.0
outl_loglike[23]    6.07  3.8e-3   0.98   4.19   5.41   6.06   6.73   8.01  66382    1.0
outl_loglike[24]    6.08  3.8e-3   0.98   4.21   5.42   6.06   6.73   8.02  66384    1.0
outl_loglike[25]    5.83  4.4e-3    1.1   3.61   5.14   5.85   6.56   7.88  62418    1.0
outl_loglike[26]    6.04  3.7e-3   0.99   4.11   5.37   6.03    6.7   7.98  70199    1.0
outl_loglike[27]    5.99  3.9e-3   1.01    4.0   5.32   5.99   6.66   7.96  67518    1.0
outl_loglike[28]    5.32  5.5e-3   1.35   2.49   4.56    5.4    6.2   7.63  59374    1.0
outl_loglike[29]    5.85  4.2e-3   1.08   3.67   5.16   5.87   6.57   7.88  65571    1.0
outl_loglike[30]     5.9  4.3e-3   1.06   3.76   5.22   5.92   6.61   7.91  59349    1.0
outl_loglike[31]     5.2  6.9e-3   1.62   1.85   4.45   5.38    6.2   7.65  54852    1.0
outl_loglike[32]    6.08  3.7e-3   0.97   4.21   5.42   6.06   6.73   8.02  69110    1.0
outl_loglike[33]    6.05  4.0e-3   0.99   4.14   5.39   6.05   6.72    8.0  62583    1.0
outl_loglike[34]    5.99  4.0e-3   1.02   4.02   5.33    6.0   6.67   7.97  63254    1.0
outl_loglike[35]    5.96  4.1e-3   1.04    3.9   5.28   5.97   6.65   7.95  63380    1.0
outl_loglike[36]    4.68    0.01   2.21  -0.19   3.92   5.01   5.93   7.47  44394    1.0
outl_loglike[37]     6.0  4.0e-3   1.02    4.0   5.33   6.01   6.68   7.98  64826    1.0
outl_loglike[38]    5.96  3.6e-3   1.02   3.96   5.29   5.96   6.64   7.94  81323    1.0
outl_loglike[39]    6.12  3.8e-3   0.97   4.24   5.46   6.11   6.77   8.04  66492    1.0
outl_loglike[40]    6.07  3.8e-3   0.99   4.16    5.4   6.07   6.73   8.03  65968    1.0
outl_loglike[41]    6.06  3.8e-3   0.99   4.17    5.4   6.06   6.72   8.02  66571    1.0
outl_loglike[42]    6.11  3.8e-3   0.96   4.27   5.45    6.1   6.76   8.04  65416    1.0
outl_loglike[43]    3.51    0.02   3.87  -7.65   2.92   4.43   5.53   7.22  37003    1.0
outl_loglike[44]    5.72  4.4e-3   1.13   3.41   5.01   5.75   6.47   7.83  67129    1.0
outl_loglike[45]    4.72  6.5e-3   1.61   1.35   3.88   4.86   5.75    7.3  62096    1.0
outl_loglike[46]    5.59  4.8e-3   1.19   3.11   4.87   5.64   6.38   7.75  61110    1.0
outl_loglike[47]     2.8    0.06   4.92 -10.25   2.36   3.99   5.16   6.93   6826    1.0
outl_loglike[48]    5.97  3.9e-3   1.02   3.95    5.3   5.98   6.65   7.96  67928    1.0
outl_loglike[49]     5.7  4.8e-3    1.2   3.16   4.99   5.75   6.49   7.84  61950    1.0
outl_loglike[50]     5.6  4.5e-3   1.16   3.23   4.87   5.63   6.37   7.75  66421    1.0
outl_loglike[51]     6.0  3.9e-3   1.02   4.02   5.33    6.0   6.68   7.97  68351    1.0
outl_loglike[52]    5.93  3.9e-3   1.04   3.91   5.25   5.94   6.63   7.93  69221    1.0
outl_loglike[53]    4.46  9.8e-3   2.08  -0.02   3.64   4.73   5.67   7.28  44673    1.0
outl_loglike[54]    6.09  3.8e-3   0.97   4.22   5.43   6.08   6.74   8.02  65479    1.0
outl_loglike[55]    5.77  4.5e-3   1.15   3.41   5.07   5.81   6.52   7.86  65794    1.0
outl_loglike[56]    6.03  4.0e-3   1.01   4.07   5.37   6.03    6.7    8.0  62544    1.0
outl_loglike[57]    5.29  5.3e-3   1.32    2.5   4.51   5.37   6.17    7.6  62381    1.0
outl_loglike[58]    6.08  3.8e-3   0.98   4.21   5.42   6.07   6.73   8.01  67528    1.0
outl_loglike[59]     3.7    0.02   2.87  -3.84   2.88   4.24   5.33    7.1  35295    1.0
outl_loglike[60]    6.05  3.8e-3   0.99   4.15   5.39   6.04   6.71    8.0  67897    1.0
outl_loglike[61]    6.02  3.9e-3    1.0   4.08   5.36   6.02   6.69   7.98  65166    1.0
outl_loglike[62]     6.0  4.1e-3   1.02   4.02   5.33    6.0   6.67   7.97  62521    1.0
outl_loglike[63]    5.97  3.6e-3   1.01   4.02    5.3   5.97   6.65   7.95  78186    1.0
outl_loglike[64]    6.09  3.8e-3   0.97   4.23   5.43   6.08   6.74   8.03  64954    1.0
outl_loglike[65]     5.7  4.7e-3   1.16   3.32   4.99   5.74   6.46   7.82  60883    1.0
outl_loglike[66]    6.03  3.9e-3   1.01   4.06   5.36   6.03    6.7   7.99  68310    1.0
outl_loglike[67]    5.33  6.3e-3   1.54    2.1    4.6   5.49   6.28   7.69  59953    1.0
outl_loglike[68]    6.06  3.9e-3   0.99   4.15   5.39   6.05   6.72   8.01  64414    1.0
outl_loglike[69]    5.95  4.1e-3   1.04   3.88   5.28   5.96   6.65   7.96  64727    1.0
outl_loglike[70]    6.05  3.9e-3   0.99   4.14   5.39   6.05   6.71   7.99  63814    1.0
outl_loglike[71]    5.63  4.9e-3    1.3   2.98   4.94   5.71   6.45   7.82  69819    1.0
outl_loglike[72]    5.98  4.0e-3   1.03   3.94   5.31   5.99   6.66   7.97  65220    1.0
outl_loglike[73]    5.99  4.0e-3   1.02   3.99   5.32   5.99   6.67   7.96  65375    1.0
outl_loglike[74]    5.37  6.2e-3   1.52   2.39   4.65    5.5   6.28   7.68  59986    1.0
outl_loglike[75]    5.17  5.3e-3   1.33   2.39   4.39   5.24   6.05   7.51  63809    1.0
outl_loglike[76]    6.09  3.7e-3   0.97   4.23   5.43   6.08   6.74   8.03  70263    1.0
outl_loglike[77]    5.99  3.9e-3   1.03   3.97   5.32    6.0   6.67   7.97  67903    1.0
outl_loglike[78]    6.08  3.7e-3   0.97   4.21   5.42   6.07   6.73   8.01  67926    1.0
outl_loglike[79]    6.09  3.8e-3   0.98   4.19   5.43   6.09   6.75   8.03  65240    1.0
outl_loglike[80]     6.1  3.8e-3   0.97   4.25   5.44   6.09   6.75   8.03  63878    1.0
outl_loglike[81]    6.04  3.9e-3   0.99   4.13   5.38   6.04   6.71    8.0  65340    1.0
outl_loglike[82]    5.65  4.2e-3   1.16   3.27   4.93   5.69   6.42    7.8  75764    1.0
outl_loglike[83]    6.12  3.6e-3   0.96   4.28   5.46    6.1   6.76   8.04  71941    1.0
outl_loglike[84]    5.88  4.2e-3   1.08   3.73    5.2    5.9   6.59   7.91  66769    1.0
outl_loglike[85]    6.04  3.9e-3    1.0    4.1   5.38   6.04    6.7    8.0  67175    1.0
outl_loglike[86]    4.94  8.2e-3   1.86    1.2   4.18   5.16   6.01   7.52  51370    1.0
outl_loglike[87]     6.1  3.7e-3   0.97   4.24   5.44   6.09   6.75   8.03  67882    1.0
outl_loglike[88]    6.04  3.9e-3   0.99   4.13   5.37   6.03    6.7   7.99  65218    1.0
outl_loglike[89]    6.03  4.0e-3   1.01   4.07   5.36   6.03    6.7   7.99  64541    1.0
outl_loglike[90]    5.99  3.9e-3   1.01    4.0   5.32   5.99   6.66   7.96  67923    1.0
outl_loglike[91]    5.97  4.1e-3   1.03   3.95    5.3   5.97   6.65   7.96  62272    1.0
outl_loglike[92]    5.95  4.0e-3   1.04    3.9   5.27   5.96   6.64   7.96  66576    1.0
outl_loglike[93]    6.07  3.9e-3   0.99   4.15   5.41   6.06   6.73   8.01  64657    1.0
outl_loglike[94]    6.04  3.9e-3    1.0    4.1   5.37   6.03   6.71   7.99  65684    1.0
outl_loglike[95]    6.05  3.7e-3   0.99   4.15   5.38   6.04   6.71    8.0  70632    1.0
outl_loglike[96]    5.94  4.0e-3   1.04   3.89   5.27   5.95   6.63   7.94  67493    1.0
outl_loglike[97]    5.36  5.5e-3   1.37   2.44    4.6   5.46   6.26   7.69  61427    1.0
outl_loglike[98]    5.93  4.2e-3   1.05   3.84   5.24   5.94   6.63   7.94  60941    1.0
outl_loglike[99]    6.02  3.9e-3   1.01   4.07   5.35   6.02   6.69   7.99  67994    1.0
outl_loglike[100]   5.91  4.1e-3   1.06   3.81   5.23   5.93   6.62   7.93  64881    1.0
outl_loglike[101]   5.75  4.2e-3   1.12   3.46   5.05   5.78    6.5   7.84  70436    1.0
outl_loglike[102]   6.11  3.8e-3   0.97   4.25   5.45   6.09   6.75   8.03  66060    1.0
outl_loglike[103]   6.04  3.7e-3   0.99   4.13   5.37   6.03   6.69   7.98  72610    1.0
lp__              179.75     0.3  24.06 135.34 163.62 178.89 194.73 229.22   6539    1.0

Samples were drawn using NUTS at Wed Mar 18 14:32:21 2020.
For each parameter, n_eff is a crude measure of effective sample size,
and Rhat is the potential scale reduction factor on split chains (at 
convergence, Rhat=1).
