Inference for Stan model: anon_model_5d703b856fa2f28cab8159e4abe012f4.
4 chains, each with iter=40000; warmup=20000; thin=1; 
post-warmup draws per chain=20000, total post-warmup draws=80000.

                    mean se_mean     sd   2.5%    25%    50%    75%  97.5%  n_eff   Rhat
MB[1]              -19.1  4.6e-4   0.03 -19.15 -19.12  -19.1 -19.09 -19.05   3479    1.0
coeff_angles[1]    -0.17  2.3e-4   0.02  -0.22  -0.19  -0.17  -0.16  -0.13  10646    1.0
coeff_angles[2]     1.27  3.3e-4   0.03   1.22   1.26   1.27   1.29   1.32   6720    1.0
coeff_angles[3]     -0.1  2.0e-3    0.1  -0.31  -0.15  -0.09  -0.04    0.1   2701    1.0
coeff_angles[4]  -8.8e-3  7.9e-4   0.04  -0.09  -0.03  -0.01   0.01   0.08   2780    1.0
sigma_int[1]        0.11  1.9e-4   0.02   0.08    0.1   0.11   0.12   0.14   8120    1.0
outl_frac[1]        0.01  7.6e-5   0.01 1.4e-3 4.8e-3 9.1e-3   0.02   0.05  30217    1.0
coeff[1]           -0.17  2.3e-4   0.02  -0.22  -0.19  -0.17  -0.16  -0.13  10678    1.0
coeff[2]            3.26  4.7e-3    0.3   2.69   3.06   3.25   3.44   3.86   4149    1.0
coeff[3]            -0.1  2.1e-3   0.11  -0.32  -0.15  -0.09  -0.04    0.1   2591    1.0
coeff[4]         -8.8e-3  8.0e-4   0.04  -0.09  -0.03  -0.01   0.01   0.08   2748    1.0
outl_loglike[1]     5.65  4.9e-3   1.18   3.25   4.95   5.69   6.42   7.77  58058    1.0
outl_loglike[2]     5.89  4.6e-3   1.03   3.86   5.21   5.89   6.59   7.88  51099    1.0
outl_loglike[3]     5.83  5.3e-3    1.1   3.76   5.14   5.84   6.53   7.86  43657    1.0
outl_loglike[4]     5.92  4.4e-3   1.02   3.93   5.24   5.92    6.6    7.9  53006    1.0
outl_loglike[5]     5.85  4.3e-3   1.03   3.83   5.16   5.85   6.54   7.86  56993    1.0
outl_loglike[6]     5.64  4.7e-3   1.15   3.26   4.93   5.68   6.41   7.77  60278    1.0
outl_loglike[7]     5.81  4.3e-3   1.05   3.73   5.12   5.81   6.51   7.83  60192    1.0
outl_loglike[8]     5.77  4.3e-3   1.05   3.68   5.07   5.78   6.47    7.8  59706    1.0
outl_loglike[9]     5.71  4.3e-3   1.07   3.59   5.01   5.72   6.43   7.76  60982    1.0
outl_loglike[10]    3.52    0.03   4.19  -9.11   3.11   4.56   5.62   7.24  25468    1.0
outl_loglike[11]    5.78  4.4e-3   1.07   3.66   5.08    5.8    6.5   7.83  58605    1.0
outl_loglike[12]    5.97  4.3e-3    1.0   4.08    5.3   5.96   6.64   7.93  52780    1.0
outl_loglike[13]    5.62  4.4e-3   1.11   3.37   4.91   5.64   6.36   7.71  62567    1.0
outl_loglike[14]    5.99  4.3e-3   0.98   4.12   5.32   5.98   6.65   7.94  53198    1.0
outl_loglike[15]    6.05  4.1e-3   0.96   4.23   5.38   6.03    6.7   7.97  55647    1.0
outl_loglike[16]    5.77  4.5e-3   1.09   3.57   5.08    5.8    6.5   7.82  58909    1.0
outl_loglike[17]    5.83  4.3e-3   1.05   3.78   5.14   5.83   6.53   7.85  57905    1.0
outl_loglike[18]    5.69  4.5e-3   1.09   3.48   4.99   5.72   6.43   7.77  58468    1.0
outl_loglike[19]    6.02  4.2e-3   0.97   4.19   5.36   6.01   6.68   7.96  54230    1.0
outl_loglike[20]    5.94  4.2e-3   0.99   4.04   5.26   5.93   6.61   7.91  57107    1.0
outl_loglike[21]    6.01  4.1e-3   0.97   4.17   5.34    6.0   6.67   7.96  55379    1.0
outl_loglike[22]    5.91  4.4e-3   1.01   3.96   5.23    5.9   6.58   7.89  52541    1.0
outl_loglike[23]    6.01  4.2e-3   0.98   4.16   5.33   5.99   6.66   7.95  53342    1.0
outl_loglike[24]    6.01  4.2e-3   0.97   4.18   5.34    6.0   6.67   7.95  53150    1.0
outl_loglike[25]    5.85  4.6e-3   1.06   3.76   5.16   5.86   6.55   7.86  53238    1.0
outl_loglike[26]    5.95  4.2e-3   0.99   4.06   5.28   5.95   6.62   7.92  56844    1.0
outl_loglike[27]    5.91  4.3e-3   1.01   3.95   5.24   5.91   6.59    7.9  54872    1.0
outl_loglike[28]    5.14  6.2e-3   1.37   2.33    4.4   5.23   6.02   7.46  49498    1.0
outl_loglike[29]    5.76  4.4e-3   1.07   3.63   5.07   5.78   6.48   7.82  59991    1.0
outl_loglike[30]    5.81  4.7e-3   1.06   3.71   5.13   5.83   6.52   7.84  51316    1.0
outl_loglike[31]    5.03    0.01   1.67   1.58   4.27   5.22   6.05   7.51  19840    1.0
outl_loglike[32]    6.04  4.1e-3   0.96   4.23   5.38   6.03   6.69   7.98  53877    1.0
outl_loglike[33]     6.0  4.2e-3   0.98   4.14   5.33   5.99   6.66   7.95  53579    1.0
outl_loglike[34]    5.89  4.3e-3   1.02    3.9   5.21   5.89   6.58   7.89  56681    1.0
outl_loglike[35]    5.89  4.4e-3   1.03   3.87   5.21    5.9   6.58   7.89  54643    1.0
outl_loglike[36]    4.49    0.01   2.31  -0.89   3.75   4.86   5.78   7.35  32836    1.0
outl_loglike[37]     5.9  4.4e-3   1.02   3.89   5.22    5.9   6.59   7.89  54769    1.0
outl_loglike[38]    6.05  5.0e-3   0.98   4.24   5.38   6.04    6.7   7.99  38700    1.0
outl_loglike[39]    6.01  4.3e-3   0.99   4.12   5.34   6.01   6.67   7.96  53068    1.0
outl_loglike[40]    5.92  4.3e-3   1.02   3.96   5.24   5.92    6.6   7.89  56724    1.0
outl_loglike[41]    5.99  4.3e-3   0.98   4.12   5.31   5.98   6.65   7.93  53172    1.0
outl_loglike[42]    6.04  4.1e-3   0.96   4.24   5.37   6.03   6.69   7.97  54396    1.0
outl_loglike[43]    3.28    0.09    4.2  -7.51    2.7   4.22   5.35   7.08   2180    1.0
outl_loglike[44]    5.68  4.6e-3   1.11   3.44   4.97    5.7   6.42   7.76  58766    1.0
outl_loglike[45]    4.35  9.0e-3   1.81   0.46   3.51   4.55   5.47   7.06  40524    1.0
outl_loglike[46]    5.46  5.0e-3   1.18   3.01   4.73   5.51   6.25   7.64  56525    1.0
outl_loglike[47]    2.76    0.03   4.14  -8.96   2.17    3.8   4.97   6.75  23391    1.0
outl_loglike[48]    5.87  4.3e-3   1.02   3.89   5.18   5.87   6.56   7.88  57290    1.0
outl_loglike[49]    5.56  5.0e-3   1.21   3.02   4.84   5.62   6.36   7.74  58998    1.0
outl_loglike[50]    5.46  4.7e-3   1.15   3.12   4.73    5.5   6.24   7.62  61048    1.0
outl_loglike[51]    5.94  4.3e-3   1.01    4.0   5.26   5.94   6.62   7.91  54631    1.0
outl_loglike[52]    5.82  4.5e-3   1.05   3.77   5.13   5.82   6.52   7.83  54494    1.0
outl_loglike[53]    4.29    0.02    2.0  -0.07   3.47   4.54   5.48   7.09  13854    1.0
outl_loglike[54]    6.02  4.2e-3   0.97   4.19   5.35   6.01   6.67   7.96  53477    1.0
outl_loglike[55]    5.74  4.6e-3    1.1   3.52   5.04   5.76   6.47   7.81  57419    1.0
outl_loglike[56]    5.94  4.3e-3   1.01    4.0   5.26   5.93   6.61   7.91  54030    1.0
outl_loglike[57]    5.12  5.5e-3   1.32   2.38   4.34   5.19   5.99   7.44  57072    1.0
outl_loglike[58]    6.03  4.2e-3   0.97    4.2   5.36   6.01   6.68   7.96  53430    1.0
outl_loglike[59]    2.93    0.05   3.43  -5.88   2.14   3.67   4.83   6.67   5244    1.0
outl_loglike[60]    6.01  4.2e-3   0.97   4.17   5.34    6.0   6.66   7.95  54353    1.0
outl_loglike[61]    5.95  4.4e-3    1.0   4.04   5.28   5.95   6.62   7.92  50847    1.0
outl_loglike[62]    5.93  4.4e-3   1.01    4.0   5.25   5.93   6.61    7.9  53034    1.0
outl_loglike[63]    5.98  4.3e-3   0.98   4.11   5.31   5.97   6.64   7.93  52921    1.0
outl_loglike[64]    6.02  4.2e-3   0.97   4.18   5.35   6.01   6.68   7.96  52922    1.0
outl_loglike[65]     5.7  4.6e-3    1.1   3.46    5.0   5.72   6.43   7.77  58255    1.0
outl_loglike[66]    5.95  4.3e-3    1.0   4.03   5.28   5.95   6.63   7.93  54384    1.0
outl_loglike[67]    5.28  6.5e-3   1.49   2.11   4.55   5.43   6.22   7.63  52499    1.0
outl_loglike[68]    5.98  4.3e-3   0.98   4.11   5.31   5.97   6.64   7.93  53484    1.0
outl_loglike[69]    5.87  4.5e-3   1.04   3.82   5.19   5.88   6.57   7.86  54867    1.0
outl_loglike[70]    5.98  4.4e-3   0.99    4.1    5.3   5.97   6.64   7.93  51673    1.0
outl_loglike[71]    5.71  5.2e-3   1.17   3.26   5.01   5.76   6.48   7.83  49791    1.0
outl_loglike[72]     5.9  4.5e-3   1.03    3.9   5.22    5.9   6.58   7.89  51815    1.0
outl_loglike[73]    5.91  4.5e-3   1.02   3.94   5.23   5.91   6.59    7.9  52100    1.0
outl_loglike[74]    5.35  6.2e-3   1.39   2.51   4.62   5.45   6.22   7.63  50281    1.0
outl_loglike[75]    5.07  5.2e-3   1.29   2.37    4.3   5.14   5.93   7.39  60687    1.0
outl_loglike[76]    6.03  4.2e-3   0.97   4.19   5.36   6.02   6.68   7.97  53988    1.0
outl_loglike[77]    5.93  4.4e-3   1.02   3.95   5.24   5.93   6.61   7.91  53238    1.0
outl_loglike[78]    6.02  4.1e-3   0.97   4.18   5.34    6.0   6.67   7.95  56525    1.0
outl_loglike[79]    5.97  4.3e-3    1.0   4.03    5.3   5.97   6.64   7.94  53248    1.0
outl_loglike[80]    6.04  4.1e-3   0.96   4.24   5.37   6.02   6.69   7.97  53977    1.0
outl_loglike[81]    5.97  4.3e-3   0.99   4.08    5.3   5.97   6.64   7.93  52866    1.0
outl_loglike[82]    5.65  4.5e-3   1.12   3.38   4.93   5.67    6.4   7.75  61350    1.0
outl_loglike[83]    6.05  4.2e-3   0.96   4.24   5.38   6.04    6.7   7.98  53443    1.0
outl_loglike[84]    5.76  4.5e-3   1.07   3.63   5.07   5.78   6.48   7.82  58207    1.0
outl_loglike[85]    5.95  4.3e-3    1.0   4.04   5.28   5.95   6.63   7.92  54095    1.0
outl_loglike[86]    4.82  7.4e-3   1.73    1.2   4.04    5.0   5.87   7.36  54619    1.0
outl_loglike[87]    6.04  4.2e-3   0.97    4.2   5.37   6.02   6.68   7.96  53634    1.0
outl_loglike[88]    5.96  4.2e-3    1.0   4.05   5.28   5.95   6.62   7.93  55358    1.0
outl_loglike[89]    5.96  4.4e-3    1.0   4.05   5.28   5.96   6.63   7.93  51559    1.0
outl_loglike[90]    5.88  4.3e-3   1.02   3.91   5.19   5.88   6.57   7.86  57141    1.0
outl_loglike[91]    5.89  4.5e-3   1.03   3.88   5.21   5.89   6.59   7.89  52751    1.0
outl_loglike[92]    5.92  4.3e-3   1.02   3.94   5.23   5.92    6.6   7.91  55624    1.0
outl_loglike[93]    5.99  4.3e-3   0.99   4.09   5.32   5.98   6.65   7.94  52809    1.0
outl_loglike[94]    5.92  4.3e-3   1.01   3.96   5.24   5.92    6.6    7.9  56334    1.0
outl_loglike[95]    5.97  4.2e-3   0.99   4.09    5.3   5.96   6.64   7.94  55838    1.0
outl_loglike[96]    5.87  4.3e-3   1.03   3.86   5.19   5.87   6.57   7.87  57150    1.0
outl_loglike[97]    5.23  5.5e-3   1.36   2.34   4.46   5.33   6.13   7.56  61491    1.0
outl_loglike[98]    5.82  4.3e-3   1.05   3.75   5.13   5.82   6.52   7.84  59106    1.0
outl_loglike[99]    5.96  4.3e-3   0.99   4.06   5.29   5.96   6.62   7.92  52284    1.0
outl_loglike[100]   5.74  4.5e-3   1.08    3.6   5.04   5.76   6.46   7.81  57067    1.0
outl_loglike[101]   5.68  4.5e-3   1.11   3.47   4.98    5.7   6.42   7.76  59779    1.0
outl_loglike[102]   5.99  4.2e-3   0.98   4.13   5.32   5.98   6.65   7.94  56039    1.0
outl_loglike[103]   5.97  4.3e-3   0.99   4.09   5.29   5.96   6.63   7.93  52773    1.0
lp__              192.42    0.52  27.63 145.14 174.15 190.11 207.61 254.79   2869    1.0

Samples were drawn using NUTS at Wed Mar 18 19:53:35 2020.
For each parameter, n_eff is a crude measure of effective sample size,
and Rhat is the potential scale reduction factor on split chains (at 
convergence, Rhat=1).
