Inference for Stan model: anon_model_5d703b856fa2f28cab8159e4abe012f4.
4 chains, each with iter=20000; warmup=10000; thin=1; 
post-warmup draws per chain=10000, total post-warmup draws=40000.

                    mean se_mean     sd   2.5%    25%    50%    75%  97.5%  n_eff   Rhat
MB[1]              -19.2  6.2e-5   0.01 -19.22  -19.2  -19.2 -19.19 -19.18  29995    1.0
coeff_angles[1]    -0.12  7.5e-5   0.01  -0.14  -0.13  -0.12  -0.12   -0.1  18241    1.0
coeff_angles[2]     1.25  5.8e-5   0.01   1.23   1.24   1.25   1.26   1.27  31180    1.0
coeff_angles[3]    -0.01  2.1e-4   0.02  -0.06  -0.03  -0.01-5.4e-4   0.03   9776    1.0
sigma_int[1]        0.13  5.8e-5 9.4e-3   0.12   0.13   0.13   0.14   0.15  25783    1.0
outl_frac[1]        0.03  1.1e-4   0.02 8.2e-3   0.02   0.03   0.04   0.08  24888    1.0
coeff[1]           -0.13  7.6e-5   0.01  -0.15  -0.13  -0.13  -0.12  -0.11  18243    1.0
coeff[2]            3.02  5.8e-4    0.1   2.82   2.95   3.02   3.09   3.22  31260    1.0
coeff[3]           -0.01  2.1e-4   0.02  -0.06  -0.03  -0.01-5.4e-4   0.03   9777    1.0
outl_loglike[1]     4.77  3.2e-3   0.59   3.74   4.35   4.73   5.14   6.04  33272    1.0
outl_loglike[2]     4.37  3.7e-3   0.67    3.1   3.92   4.35    4.8   5.74  32885    1.0
outl_loglike[3]     4.72  3.3e-3    0.6   3.66    4.3   4.68    5.1    6.0  33595    1.0
outl_loglike[4]     4.78  3.2e-3   0.59   3.75   4.36   4.73   5.15   6.04  32828    1.0
outl_loglike[5]     3.99  3.9e-3   0.75   2.51    3.5   3.98   4.48   5.48  36529    1.0
outl_loglike[6]      4.1  3.9e-3   0.74   2.64   3.62   4.09   4.58   5.57  36099    1.0
outl_loglike[7]     3.64  4.3e-3   0.82   1.96   3.12   3.65   4.18   5.21  36209    1.0
outl_loglike[8]     4.78  3.2e-3   0.59   3.75   4.36   4.74   5.16   6.05  32859    1.0
outl_loglike[9]     4.62  3.5e-3   0.64   3.45    4.2   4.59   5.03   5.95  33817    1.0
outl_loglike[10]     4.6  3.4e-3   0.63   3.44   4.16   4.57   5.01   5.92  33953    1.0
outl_loglike[11]    4.65  3.5e-3   0.63   3.49   4.22   4.62   5.05   5.96  32880    1.0
outl_loglike[12]     4.0  4.3e-3   0.78   2.41   3.51   4.01   4.52   5.51  33135    1.0
outl_loglike[13]    4.66  3.5e-3   0.62   3.54   4.23   4.63   5.06   5.98  32795    1.0
outl_loglike[14]    4.76  3.3e-3   0.59   3.73   4.34   4.72   5.13   6.03  32701    1.0
outl_loglike[15]    4.43  3.6e-3   0.67   3.15   3.97   4.41   4.86   5.81  34776    1.0
outl_loglike[16]    3.73  4.4e-3   0.83   2.04    3.2   3.75   4.28   5.32  35862    1.0
outl_loglike[17]    4.07  3.9e-3   0.74   2.62   3.59   4.07   4.55   5.54  34851    1.0
outl_loglike[18]    4.78  3.2e-3   0.59   3.76   4.36   4.73   5.15   6.04  33684    1.0
outl_loglike[19]    4.74  3.3e-3    0.6   3.68   4.32    4.7   5.12   6.02  32785    1.0
outl_loglike[20]    4.67  3.5e-3   0.63   3.53   4.25   4.64   5.08   5.98  31656    1.0
outl_loglike[21]    4.56  3.6e-3   0.66   3.29   4.13   4.55   4.99   5.91  33475    1.0
outl_loglike[22]    4.79  3.2e-3   0.58   3.78   4.38   4.75   5.16   6.05  33162    1.0
outl_loglike[23]    4.35  3.7e-3   0.71   2.93   3.89   4.35   4.81   5.77  37204    1.0
outl_loglike[24]     4.8  3.2e-3   0.58    3.8   4.39   4.75   5.17   6.06  33543    1.0
outl_loglike[25]    4.74  3.3e-3    0.6   3.68   4.32    4.7   5.12   6.01  33230    1.0
outl_loglike[26]    4.63  3.8e-3   0.66   3.38   4.21   4.62   5.05   5.96  30261    1.0
outl_loglike[27]     4.6  3.4e-3   0.63   3.45   4.16   4.57    5.0   5.92  33767    1.0
outl_loglike[28]    4.73  3.4e-3    0.6   3.67    4.3   4.69   5.11   6.01  32005    1.0
outl_loglike[29]    4.17  3.8e-3   0.73   2.74    3.7   4.17   4.64   5.63  36878    1.0
outl_loglike[30]    4.68  3.3e-3   0.61   3.59   4.25   4.64   5.07   5.97  33667    1.0
outl_loglike[31]     4.8  3.2e-3   0.58   3.79   4.38   4.75   5.17   6.06  33975    1.0
outl_loglike[32]    4.68  3.3e-3   0.61   3.59   4.26   4.64   5.07   5.98  33431    1.0
outl_loglike[33]    4.64  3.4e-3   0.63   3.48   4.21   4.62   5.05   5.95  33585    1.0
outl_loglike[34]    4.72  3.3e-3   0.61   3.64   4.29   4.68    5.1   6.01  33540    1.0
outl_loglike[35]    4.78  3.2e-3   0.59   3.77   4.37   4.74   5.16   6.04  33508    1.0
outl_loglike[36]    4.81  3.2e-3   0.58    3.8   4.39   4.76   5.17   6.06  33237    1.0
outl_loglike[37]    4.25  3.8e-3   0.72   2.84   3.78   4.24   4.72   5.68  34568    1.0
outl_loglike[38]    2.91  5.5e-3    1.0   0.81   2.29   2.96   3.59   4.75  32735    1.0
outl_loglike[39]    4.74  3.3e-3    0.6   3.67   4.31    4.7   5.12   6.01  32694    1.0
outl_loglike[40]    4.47  4.1e-3   0.72    3.0   4.02   4.47   4.92   5.87  30185    1.0
outl_loglike[41]    4.45  3.7e-3   0.68   3.13    4.0   4.44   4.89   5.83  33707    1.0
outl_loglike[42]    4.66  3.3e-3   0.61   3.56   4.23   4.62   5.05   5.95  33923    1.0
outl_loglike[43]    4.57  3.5e-3   0.64   3.38   4.13   4.54   4.98    5.9  33815    1.0
outl_loglike[44]    4.58  3.5e-3   0.66    3.3   4.14   4.56    5.0   5.93  35799    1.0
outl_loglike[45]    4.72  3.3e-3    0.6   3.65    4.3   4.68    5.1   6.01  33317    1.0
outl_loglike[46]    4.47  3.9e-3   0.67   3.19   4.02   4.46   4.91   5.83  30320    1.0
outl_loglike[47]    3.42  4.5e-3   0.85   1.68   2.88   3.44   3.99   5.05  36229    1.0
outl_loglike[48]    4.46  3.5e-3   0.65   3.26   4.02   4.44   4.88   5.82  34294    1.0
outl_loglike[49]     4.8  3.2e-3   0.58    3.8   4.38   4.75   5.17   6.05  33662    1.0
outl_loglike[50]    2.38  7.5e-3   1.31  -0.63   1.66   2.51   3.26   4.55  30808    1.0
outl_loglike[51]    4.73  3.3e-3    0.6   3.67   4.31   4.69   5.11   6.01  33908    1.0
outl_loglike[52]     4.8  3.2e-3   0.58   3.78   4.38   4.75   5.16   6.05  33411    1.0
outl_loglike[53]    3.75  4.6e-3   0.82   2.08   3.22   3.77   4.31   5.34  32305    1.0
outl_loglike[54]    4.65  3.4e-3   0.62   3.53   4.22   4.62   5.04   5.95  33053    1.0
outl_loglike[55]    4.78  3.2e-3   0.59   3.75   4.37   4.74   5.15   6.04  33937    1.0
outl_loglike[56]     4.6  3.4e-3   0.63   3.46   4.17   4.57   5.01   5.92  33796    1.0
outl_loglike[57]    2.63  5.8e-3   1.13   0.14   1.97   2.71    3.4   4.62  37759    1.0
outl_loglike[58]    4.69  3.4e-3   0.61   3.59   4.26   4.65   5.07   5.98  33133    1.0
outl_loglike[59]    4.78  3.2e-3   0.59   3.76   4.37   4.74   5.16   6.05  32971    1.0
outl_loglike[60]    4.51  3.6e-3   0.67   3.24   4.07   4.49   4.94   5.87  34275    1.0
outl_loglike[61]    4.63  3.4e-3   0.63   3.48    4.2    4.6   5.04   5.95  34482    1.0
outl_loglike[62]    4.69  3.6e-3   0.62   3.54   4.26   4.66   5.08   5.99  29332    1.0
outl_loglike[63]    4.66  3.4e-3   0.62   3.54   4.23   4.63   5.06   5.96  33853    1.0
outl_loglike[64]    4.56  3.6e-3   0.65   3.35   4.13   4.54   4.98   5.91  33286    1.0
outl_loglike[65]    4.15  3.9e-3   0.76   2.63   3.66   4.15   4.64   5.62  37515    1.0
outl_loglike[66]    4.53  3.5e-3   0.65    3.3    4.1   4.51   4.95   5.87  34799    1.0
outl_loglike[67]    4.79  3.2e-3   0.59   3.77   4.37   4.74   5.16   6.05  33091    1.0
outl_loglike[68]    4.65  3.4e-3   0.63   3.51   4.22   4.62   5.05   5.95  33059    1.0
outl_loglike[69]    3.95  5.8e-3   1.09   1.39   3.41   4.09   4.65   5.67  35085    1.0
outl_loglike[70]    4.63  3.3e-3   0.62   3.52    4.2    4.6   5.03   5.93  34888    1.0
outl_loglike[71]    4.45  3.5e-3   0.67   3.18    4.0   4.43   4.88   5.82  36544    1.0
outl_loglike[72]    4.64  3.3e-3   0.61   3.54   4.21    4.6   5.03   5.94  34205    1.0
outl_loglike[73]    4.73  3.3e-3    0.6   3.68   4.31   4.69   5.11   6.01  33307    1.0
outl_loglike[74]     4.8  3.2e-3   0.58   3.78   4.38   4.75   5.16   6.06  33233    1.0
outl_loglike[75]    4.49  3.6e-3   0.66   3.22   4.05   4.46   4.91   5.84  34293    1.0
outl_loglike[76]    4.77  3.2e-3   0.59   3.74   4.35   4.73   5.14   6.03  33626    1.0
outl_loglike[77]    4.77  3.2e-3   0.59   3.76   4.35   4.73   5.15   6.04  32917    1.0
outl_loglike[78]    4.48  3.5e-3   0.66   3.25   4.03   4.46    4.9   5.84  34404    1.0
outl_loglike[79]    4.67  3.3e-3   0.61   3.59   4.25   4.64   5.06   5.97  33816    1.0
outl_loglike[80]     4.7  3.3e-3   0.61   3.59   4.27   4.66   5.09   5.99  33516    1.0
outl_loglike[81]     2.5  5.9e-3   1.03   0.31   1.86   2.55    3.2   4.38  30671    1.0
outl_loglike[82]    4.39  3.6e-3   0.67   3.11   3.93   4.36   4.82   5.77  35502    1.0
outl_loglike[83]    4.76  3.3e-3   0.59   3.73   4.34   4.71   5.13   6.02  32466    1.0
outl_loglike[84]    4.07  4.0e-3   0.76   2.55   3.57   4.08   4.56   5.55  36072    1.0
outl_loglike[85]    4.54  3.5e-3   0.66   3.28    4.1   4.52   4.96   5.88  35131    1.0
outl_loglike[86]    4.68  3.4e-3   0.61   3.58   4.26   4.65   5.07   5.98  33487    1.0
outl_loglike[87]    4.31  3.7e-3   0.69   2.98   3.86    4.3   4.76   5.72  35186    1.0
outl_loglike[88]    4.73  3.3e-3    0.6   3.69   4.31   4.69   5.11   6.02  32860    1.0
outl_loglike[89]     4.8  3.2e-3   0.58   3.79   4.38   4.76   5.17   6.06  33212    1.0
outl_loglike[90]    4.33  3.8e-3   0.71   2.92   3.87   4.32   4.79   5.76  35514    1.0
outl_loglike[91]    4.79  3.2e-3   0.59   3.76   4.37   4.74   5.16   6.05  33423    1.0
outl_loglike[92]     4.7  3.4e-3   0.61   3.59   4.28   4.67    5.1    6.0  32988    1.0
outl_loglike[93]    4.73  3.3e-3    0.6   3.66   4.31   4.69   5.11   6.02  33015    1.0
outl_loglike[94]    4.63  3.4e-3   0.62    3.5    4.2    4.6   5.02   5.94  32768    1.0
outl_loglike[95]    4.57  3.4e-3   0.63   3.43   4.13   4.53   4.97   5.88  34243    1.0
outl_loglike[96]    4.78  3.3e-3   0.59   3.74   4.36   4.73   5.15   6.04  32743    1.0
outl_loglike[97]    0.57  8.7e-3   1.48  -2.76  -0.31   0.73   1.61   3.06  29042    1.0
outl_loglike[98]    4.43  3.7e-3   0.69   3.08   3.98   4.42   4.88   5.82  35965    1.0
outl_loglike[99]    4.45  3.6e-3   0.69   3.11    4.0   4.44   4.89   5.83  35939    1.0
outl_loglike[100]   4.76  3.3e-3   0.59   3.72   4.34   4.72   5.14   6.03  32788    1.0
outl_loglike[101]   3.81  4.2e-3    0.8   2.18    3.3   3.82   4.34   5.36  35804    1.0
outl_loglike[102]   4.78  3.3e-3   0.59   3.76   4.36   4.73   5.15   6.04  32430    1.0
outl_loglike[103]   4.38  3.6e-3   0.67    3.1   3.93   4.36   4.81   5.74  35065    1.0
outl_loglike[104]   4.57  3.4e-3   0.64   3.38   4.13   4.54   4.98   5.89  35511    1.0
outl_loglike[105]   4.64  3.7e-3   0.65   3.41   4.21   4.62   5.05   5.96  30323    1.0
outl_loglike[106]   4.35  3.9e-3   0.75   2.81   3.89   4.37   4.84    5.8  37497    1.0
outl_loglike[107]   4.77  3.2e-3   0.59   3.75   4.35   4.73   5.15   6.04  33232    1.0
outl_loglike[108]    4.6  3.4e-3   0.63   3.46   4.17   4.57    5.0   5.92  34785    1.0
outl_loglike[109]   4.61  3.5e-3   0.64   3.42   4.17   4.58   5.02   5.93  34551    1.0
outl_loglike[110]   4.71  3.3e-3   0.61   3.65   4.29   4.67    5.1    6.0  33210    1.0
outl_loglike[111]   4.55  3.4e-3   0.64   3.39   4.12   4.53   4.96   5.89  34338    1.0
outl_loglike[112]   4.45  3.6e-3   0.67   3.15    4.0   4.43   4.88   5.81  35608    1.0
outl_loglike[113]   4.53  3.4e-3   0.65   3.34   4.09   4.51   4.95   5.87  35657    1.0
outl_loglike[114]   4.56  3.5e-3   0.64   3.37   4.12   4.53   4.97   5.89  33406    1.0
outl_loglike[115]   2.98  5.6e-3   1.05   0.69   2.35   3.05   3.68   4.84  36040    1.0
outl_loglike[116]   4.74  3.3e-3    0.6   3.69   4.32    4.7   5.12   6.02  32904    1.0
outl_loglike[117]   4.61  3.4e-3   0.63   3.48   4.18   4.58   5.01   5.91  34258    1.0
outl_loglike[118]   4.18  4.0e-3   0.76   2.62   3.69   4.19   4.68   5.66  36319    1.0
outl_loglike[119]   4.74  3.3e-3    0.6    3.7   4.32    4.7   5.12   6.02  33122    1.0
outl_loglike[120]   4.71  3.4e-3   0.61   3.62   4.29   4.67    5.1   6.01  31467    1.0
outl_loglike[121]   3.91  4.4e-3   0.87   2.07   3.38   3.95   4.49   5.53  38476    1.0
outl_loglike[122]   4.64  3.4e-3   0.63   3.48   4.21   4.61   5.05   5.95  34208    1.0
outl_loglike[123]   4.74  3.3e-3    0.6   3.68   4.32    4.7   5.12   6.02  32575    1.0
outl_loglike[124]   4.37  4.1e-3   0.77   2.73   3.92   4.39   4.87   5.81  34813    1.0
outl_loglike[125]   4.58  3.6e-3   0.67   3.31   4.15   4.56   5.01   5.92  34358    1.0
outl_loglike[126]   4.71  3.3e-3   0.61   3.62   4.29   4.68    5.1    6.0  33461    1.0
outl_loglike[127]   4.57  4.1e-3    0.7   3.15   4.15   4.57   5.01   5.92  29224    1.0
outl_loglike[128]   4.76  3.3e-3   0.59   3.72   4.34   4.72   5.14   6.04  31800    1.0
outl_loglike[129]   4.51  3.6e-3   0.68   3.16   4.07    4.5   4.95   5.88  36151    1.0
outl_loglike[130]   2.85  6.0e-3   1.15    0.3   2.19   2.95   3.63   4.85  36534    1.0
outl_loglike[131]   4.25  4.0e-3   0.77   2.68   3.77   4.27   4.75   5.72  37638    1.0
outl_loglike[132]   4.48  3.8e-3   0.71   3.06   4.03   4.48   4.93   5.87  34692    1.0
outl_loglike[133]   3.95  4.3e-3   0.83   2.22   3.42   3.97   4.51   5.51  37930    1.0
outl_loglike[134]   4.39  4.0e-3   0.74   2.87   3.94    4.4   4.87    5.8  34856    1.0
outl_loglike[135]   4.74  3.4e-3    0.6   3.68   4.32    4.7   5.12   6.02  31915    1.0
outl_loglike[136]   4.74  3.3e-3    0.6   3.69   4.32    4.7   5.12   6.02  32959    1.0
outl_loglike[137]   4.34  3.8e-3   0.73   2.84   3.87   4.34   4.82   5.77  37205    1.0
outl_loglike[138]   3.81  4.7e-3   0.92   1.81   3.26   3.87   4.42   5.47  38913    1.0
outl_loglike[139]   3.87  4.5e-3    0.9   1.92   3.33   3.92   4.47    5.5  39984    1.0
outl_loglike[140]   4.53  3.8e-3    0.7   3.09   4.09   4.52   4.98   5.89  33910    1.0
outl_loglike[141]   4.64  3.5e-3   0.63   3.47   4.21   4.61   5.05   5.95  32359    1.0
outl_loglike[142]   4.72  3.4e-3   0.61   3.63    4.3   4.68   5.11   6.01  32601    1.0
outl_loglike[143]   4.56  3.6e-3   0.67   3.27   4.12   4.54   4.99   5.91  34278    1.0
outl_loglike[144]   4.48  3.8e-3    0.7   3.11   4.03   4.47   4.93   5.86  33417    1.0
outl_loglike[145]   4.41  4.2e-3   0.78   2.74   3.96   4.44   4.91   5.86  34157    1.0
outl_loglike[146]   3.51  3.3e-3   0.59   2.48   3.09   3.47   3.89   4.79  31899    1.0
outl_loglike[147]   3.98  4.9e-3   0.94   1.88   3.45   4.05    4.6   5.63  36581    1.0
outl_loglike[148]   4.65  3.6e-3   0.63   3.48   4.23   4.62   5.05   5.97  30625    1.0
outl_loglike[149]   4.04  4.3e-3   0.84   2.26   3.54   4.09    4.6    5.6  38288    1.0
outl_loglike[150]   4.36  3.8e-3   0.74   2.86    3.9   4.36   4.83   5.79  36866    1.0
outl_loglike[151]   4.72  3.4e-3   0.61   3.63    4.3   4.68    5.1   6.01  31497    1.0
outl_loglike[152]   4.33  3.9e-3   0.74   2.82   3.87   4.34   4.82   5.76  36520    1.0
outl_loglike[153]   4.72  3.4e-3   0.61   3.63   4.29   4.68    5.1    6.0  32186    1.0
outl_loglike[154]   4.64  3.6e-3   0.65    3.4   4.21   4.62   5.05   5.97  32276    1.0
outl_loglike[155]   3.46  6.0e-3   1.19    0.7   2.83    3.6   4.27   5.41  39242    1.0
outl_loglike[156]   4.55  3.7e-3   0.68   3.24   4.12   4.54   4.98   5.91  33729    1.0
outl_loglike[157]    4.6  3.6e-3   0.66   3.34   4.17   4.58   5.02   5.93  33158    1.0
outl_loglike[158]   3.71  4.7e-3   0.94   1.66   3.15   3.77   4.34   5.39  40481    1.0
outl_loglike[159]   4.21  4.2e-3   0.77   2.65   3.73   4.23   4.72   5.69  33463    1.0
outl_loglike[160]   4.57  3.7e-3   0.67   3.25   4.13   4.56    5.0   5.93  32716    1.0
outl_loglike[161]   4.13  4.2e-3   0.82   2.42   3.63   4.16   4.66   5.66  37533    1.0
outl_loglike[162]   4.44  4.5e-3    0.8   2.65   4.02   4.48   4.95   5.89  31082    1.0
outl_loglike[163]   4.61  3.6e-3   0.66   3.33   4.18   4.59   5.03   5.95  33336    1.0
outl_loglike[164]   4.23  3.9e-3   0.77   2.62   3.74   4.25   4.73    5.7  38730    1.0
outl_loglike[165]   3.64  4.5e-3   0.92   1.69   3.08   3.69   4.25   5.32  40923    1.0
outl_loglike[166]   4.74  3.3e-3    0.6   3.68   4.32    4.7   5.12   6.02  32605    1.0
outl_loglike[167]   4.76  3.3e-3   0.59   3.72   4.34   4.71   5.13   6.03  31699    1.0
outl_loglike[168]   4.69  3.3e-3   0.61   3.59   4.26   4.66   5.08   5.98  33650    1.0
outl_loglike[169]   4.46  4.4e-3   0.77   2.81   4.03   4.49   4.95   5.88  30430    1.0
outl_loglike[170]   4.66  3.5e-3   0.61   3.57   4.24   4.63   5.05   5.95  31293    1.0
outl_loglike[171]   2.96  7.5e-3   1.33  -0.14   2.25   3.12   3.85   5.07  31164    1.0
outl_loglike[172]   4.73  3.3e-3    0.6   3.67   4.31   4.69   5.11   6.01  32294    1.0
outl_loglike[173]   4.54  3.6e-3   0.67   3.25   4.11   4.53   4.97   5.91  35348    1.0
outl_loglike[174]   2.49  7.3e-3   1.38  -0.77   1.75   2.64   3.42    4.7  35262    1.0
outl_loglike[175]    4.7  3.5e-3   0.62   3.58   4.28   4.66   5.09    6.0  31619    1.0
outl_loglike[176]   4.38  3.8e-3   0.71   2.95   3.92   4.37   4.84   5.79  34418    1.0
outl_loglike[177]   4.05  7.1e-3   1.06   1.62   3.55   4.17   4.71   5.71  22152    1.0
outl_loglike[178]   4.72  3.4e-3    0.6   3.65    4.3   4.68   5.11   6.01  31163    1.0
outl_loglike[179]   4.41  4.8e-3    0.8   2.66   3.97   4.45   4.92   5.86  27976    1.0
outl_loglike[180]   4.64  3.6e-3   0.64   3.44   4.21   4.61   5.04   5.96  32110    1.0
outl_loglike[181]   4.58  3.6e-3   0.66   3.33   4.14   4.56    5.0   5.92  33248    1.0
outl_loglike[182]  -7.15    0.02   2.82 -13.41  -8.84  -6.91  -5.19  -2.35  29837    1.0
outl_loglike[183]   3.12  5.3e-3   1.01    1.0    2.5   3.17    3.8   4.93  36044    1.0
outl_loglike[184]   3.93  4.0e-3   0.77   2.41   3.43   3.94   4.44   5.44  36621    1.0
outl_loglike[185]   4.11  3.8e-3   0.72   2.72   3.63   4.09   4.58   5.55  36024    1.0
outl_loglike[186]   4.79  3.2e-3   0.58   3.78   4.38   4.75   5.16   6.05  33675    1.0
outl_loglike[187]  -0.44    0.01   1.92  -4.68  -1.62  -0.24   0.92   2.76  28220    1.0
outl_loglike[188]   4.79  3.2e-3   0.58   3.78   4.38   4.75   5.16   6.05  33097    1.0
outl_loglike[189]   4.65  3.5e-3   0.64   3.45   4.22   4.62   5.06   5.97  33723    1.0
outl_loglike[190]    4.8  3.2e-3   0.58   3.79   4.38   4.75   5.17   6.05  33273    1.0
outl_loglike[191]   2.97  5.8e-3    1.1   0.57   2.31   3.05   3.71    4.9  36388    1.0
outl_loglike[192]   3.91  5.6e-3   1.04   1.55   3.35   4.03   4.59   5.63  34454    1.0
outl_loglike[193]   4.77  3.3e-3   0.59   3.74   4.35   4.73   5.14   6.03  32596    1.0
outl_loglike[194]   3.33  4.8e-3   0.93   1.37   2.76   3.37   3.96   5.06  36987    1.0
outl_loglike[195]   4.61  3.4e-3   0.63   3.47   4.18   4.58   5.01   5.93  34570    1.0
outl_loglike[196]   4.71  3.3e-3    0.6   3.64   4.29   4.67   5.09   5.99  33252    1.0
outl_loglike[197] -24.79    0.11  16.25 -60.01  -34.7 -23.77 -14.02   4.18  20204    1.0
outl_loglike[198]   4.69  3.3e-3   0.61   3.61   4.28   4.65   5.08   5.98  33393    1.0
outl_loglike[199]   3.19  5.2e-3   1.02   0.97   2.58   3.26   3.88    5.0  38177    1.0
outl_loglike[200]   1.07    0.05   5.76 -16.31   1.02   3.35   4.25   5.42  11908    1.0
outl_loglike[201]   4.62  3.4e-3   0.63   3.46   4.18   4.58   5.02   5.93  34519    1.0
outl_loglike[202]   4.79  3.2e-3   0.58   3.77   4.37   4.74   5.16   6.05  33497    1.0
outl_loglike[203]   4.63  3.4e-3   0.62   3.52   4.21    4.6   5.03   5.94  32983    1.0
outl_loglike[204]   4.77  3.3e-3   0.59   3.74   4.35   4.73   5.15   6.04  32945    1.0
outl_loglike[205]   4.37  3.6e-3   0.68   3.07   3.91   4.35   4.81   5.75  35126    1.0
outl_loglike[206]   4.72  3.4e-3   0.61   3.63    4.3   4.68    5.1   6.01  32942    1.0
outl_loglike[207]   1.96  7.1e-3   1.25  -0.76   1.22   2.06   2.82   4.16  31333    1.0
outl_loglike[208]   4.78  3.3e-3   0.59   3.76   4.36   4.73   5.15   6.05  32661    1.0
outl_loglike[209]   4.53  4.4e-3   0.73   3.03    4.1   4.54   4.99   5.93  27959    1.0
outl_loglike[210]    4.6  3.4e-3   0.64   3.43   4.17   4.57   5.01   5.92  35191    1.0
outl_loglike[211]    4.5  3.6e-3   0.66   3.25   4.06   4.47   4.92   5.85  33697    1.0
outl_loglike[212]   4.79  3.2e-3   0.59   3.77   4.37   4.74   5.16   6.05  33614    1.0
outl_loglike[213]   4.75  3.2e-3   0.59   3.71   4.33   4.71   5.13   6.03  33504    1.0
outl_loglike[214]   4.76  3.3e-3   0.59   3.71   4.34   4.72   5.14   6.03  33430    1.0
outl_loglike[215]   4.76  3.2e-3   0.59   3.74   4.35   4.72   5.14   6.03  33395    1.0
outl_loglike[216]   4.77  3.2e-3   0.59   3.75   4.35   4.73   5.14   6.04  33011    1.0
outl_loglike[217]   4.73  3.3e-3    0.6   3.66    4.3   4.69   5.11   6.01  33054    1.0
outl_loglike[218]   4.48  3.5e-3   0.67   3.22   4.04   4.46    4.9   5.84  35762    1.0
outl_loglike[219]   4.78  3.2e-3   0.59   3.76   4.36   4.74   5.15   6.05  32976    1.0
outl_loglike[220]   3.69  4.5e-3   0.85   1.93   3.16   3.71   4.26    5.3  36106    1.0
outl_loglike[221]   3.36  5.0e-3    0.9    1.5   2.79   3.39   3.96   5.05  33040    1.0
outl_loglike[222]    4.7  3.4e-3   0.62   3.59   4.28   4.67   5.09    6.0  32883    1.0
outl_loglike[223]   4.67  3.3e-3   0.62   3.55   4.25   4.64   5.06   5.98  35006    1.0
outl_loglike[224]   4.63  3.5e-3   0.63   3.47    4.2    4.6   5.03   5.94  33191    1.0
outl_loglike[225]   4.72  3.3e-3    0.6   3.67    4.3   4.68   5.11    6.0  32891    1.0
outl_loglike[226]   4.19  4.1e-3   0.79   2.57    3.7   4.21    4.7   5.69  36770    1.0
outl_loglike[227]    4.5  3.5e-3   0.66   3.25   4.06   4.48   4.91   5.85  35518    1.0
outl_loglike[228]   4.13  4.0e-3   0.77   2.57   3.64   4.14   4.63   5.61  36883    1.0
outl_loglike[229]   4.45  3.6e-3   0.68   3.13   4.01   4.44   4.89   5.84  36480    1.0
outl_loglike[230]   3.14  5.1e-3   0.94   1.19   2.55   3.17   3.77    4.9  34755    1.0
outl_loglike[231]   3.91  3.8e-3   0.68    2.6   3.47   3.89   4.35   5.29  32957    1.0
outl_loglike[232]   3.62  4.5e-3   0.83   1.92   3.09   3.64   4.17   5.21  34466    1.0
outl_loglike[233]    0.6    0.01   1.83  -3.67  -0.44   0.86   1.88    3.5  30394    1.0
outl_loglike[234]   4.77  3.3e-3   0.59   3.75   4.35   4.73   5.15   6.04  32747    1.0
outl_loglike[235]   4.74  3.3e-3    0.6   3.68   4.31    4.7   5.11   6.01  33449    1.0
outl_loglike[236]   2.62  6.1e-3   1.14   0.11   1.95   2.71   3.39    4.6  35349    1.0
outl_loglike[237]   4.34  3.7e-3    0.7   2.99   3.88   4.33   4.79   5.74  36258    1.0
outl_loglike[238] -16.32    0.02   4.32 -25.98 -18.88 -15.94 -13.27  -9.01  30694    1.0
outl_loglike[239]   3.37  4.7e-3   0.91   1.45   2.81   3.41   3.98   5.06  37773    1.0
outl_loglike[240]    4.5  3.4e-3   0.65    3.3   4.06   4.48   4.91   5.84  35168    1.0
lp__              512.55    0.21  22.33 467.84  497.8 512.71 527.61 555.77  11197    1.0

Samples were drawn using NUTS at Fri Sep 13 15:52:07 2019.
For each parameter, n_eff is a crude measure of effective sample size,
and Rhat is the potential scale reduction factor on split chains (at 
convergence, Rhat=1).
