Inference for Stan model: anon_model_5d703b856fa2f28cab8159e4abe012f4.
4 chains, each with iter=20000; warmup=10000; thin=1; 
post-warmup draws per chain=10000, total post-warmup draws=40000.

                    mean se_mean     sd   2.5%    25%    50%    75%  97.5%  n_eff   Rhat
MB[1]              -19.5  1.3e-3   0.07 -19.63 -19.54  -19.5 -19.47 -19.37   2751    1.0
coeff_angles[1]     0.79  1.1e-3   0.06   0.67   0.76   0.79   0.82   0.89   2763    1.0
coeff_angles[2]    -0.08  4.3e-3   0.16  -0.37  -0.15  -0.09  -0.02    0.3   1289    1.0
coeff_angles[3]     0.11  2.3e-3   0.07  -0.01   0.07   0.11   0.14   0.26    865   1.01
coeff_angles[4]  -2.8e-3  1.4e-3   0.05  -0.09  -0.03-5.9e-3   0.02   0.11   1302   1.01
coeff_angles[5]    -0.08  3.9e-3   0.11  -0.32  -0.13  -0.07  -0.02   0.14    852   1.01
coeff_angles[6]    -0.02  3.2e-3   0.11  -0.23  -0.07  -0.02   0.03   0.24   1241    1.0
coeff_angles[7]     0.03  3.7e-3   0.13  -0.28  -0.02   0.04    0.1   0.28   1293    1.0
coeff_angles[8]    -0.07  4.0e-3   0.14  -0.35  -0.15  -0.07-1.6e-3   0.23   1247   1.01
sigma_int[1]         0.1  2.4e-3   0.02   0.04   0.09    0.1   0.12   0.14    110   1.05
outl_frac[1]        0.04  5.3e-4   0.02 7.2e-3   0.02   0.04   0.06   0.09   1731    1.0
coeff[1]            1.01  2.0e-3   0.11   0.79   0.96   1.01   1.07   1.22   3279    1.0
coeff[2]           -0.08  4.9e-3   0.17  -0.39  -0.15  -0.09  -0.02   0.31   1187    1.0
coeff[3]            0.11  2.4e-3   0.07  -0.01   0.07   0.11   0.15   0.27    894   1.01
coeff[4]         -2.8e-3  1.4e-3   0.05  -0.09  -0.03-5.9e-3   0.02   0.11   1304   1.01
coeff[5]           -0.08  4.0e-3   0.12  -0.34  -0.13  -0.07  -0.02   0.14    855   1.01
coeff[6]           -0.02  3.4e-3   0.12  -0.23  -0.07  -0.02   0.03   0.25   1197    1.0
coeff[7]            0.03  4.1e-3   0.14  -0.29  -0.02   0.04    0.1   0.29   1189    1.0
coeff[8]           -0.07  4.3e-3   0.15  -0.37  -0.15  -0.07-1.6e-3   0.23   1217   1.01
outl_loglike[1]     4.64  8.3e-3   0.92   2.79   4.16   4.66   5.19   6.28  12145    1.0
outl_loglike[2]     4.78    0.01   0.76   3.36   4.28   4.75   5.26   6.34   3699    1.0
outl_loglike[3]     4.76  9.3e-3   0.78    3.3   4.28   4.74   5.25   6.33   7045    1.0
outl_loglike[4]     4.48  7.7e-3   0.99   2.42    4.0   4.53   5.07   6.18  16592    1.0
outl_loglike[5]     4.75  7.1e-3   0.78   3.28   4.26   4.73   5.24   6.32  12301    1.0
outl_loglike[6]     4.59  7.7e-3   0.87    2.8   4.11    4.6   5.13   6.25  12908    1.0
outl_loglike[7]     4.76  8.8e-3   0.77   3.31   4.26   4.73   5.24   6.34   7557    1.0
outl_loglike[8]     4.77  8.0e-3   0.78   3.31   4.27   4.74   5.26   6.34   9400    1.0
outl_loglike[9]     4.81    0.01   0.74   3.48   4.31   4.77   5.27   6.37   3756    1.0
outl_loglike[10]    4.72    0.02   0.82   3.12   4.23   4.71   5.23   6.33   2989    1.0
outl_loglike[11]    4.77  8.2e-3   0.77   3.34   4.27   4.74   5.25   6.34   8850    1.0
outl_loglike[12]    4.48    0.02   1.21   2.26   4.02   4.56   5.11   6.25   4838    1.0
outl_loglike[13]     4.7  8.3e-3   0.84   3.11   4.22   4.69   5.21    6.3  10359    1.0
outl_loglike[14]    4.59    0.01   0.86   2.86   4.08   4.59   5.13   6.25   5285    1.0
outl_loglike[15]    4.64  8.9e-3   0.99   2.81   4.16   4.66   5.18   6.29  12247    1.0
outl_loglike[16]    4.46    0.01   0.96   2.46   3.93   4.49   5.06   6.19   4999    1.0
outl_loglike[17]     4.6    0.01   0.88   2.81   4.09   4.62   5.16   6.25   4107    1.0
outl_loglike[18]    4.75    0.02   0.79   3.24   4.26   4.72   5.23   6.35   1705    1.0
outl_loglike[19]    4.79  6.6e-3   0.75   3.42   4.29   4.76   5.26   6.35  12939    1.0
outl_loglike[20]    4.76  9.0e-3   0.78   3.29   4.27   4.74   5.26   6.34   7558    1.0
outl_loglike[21]     4.4    0.02    1.1    2.3   3.89   4.45   5.04   6.14   3345    1.0
outl_loglike[22]    4.46    0.04   1.01    2.3   3.96   4.51   5.06   6.24    533   1.01
outl_loglike[23]    4.71  8.7e-3   0.79   3.19   4.22   4.69   5.21   6.33   8425    1.0
outl_loglike[24]    4.45    0.01   1.12   2.21   3.96   4.53    5.1   6.21   7511    1.0
outl_loglike[25]    4.62  8.5e-3   0.91   2.77   4.14   4.64   5.15   6.28  11477    1.0
outl_loglike[26]    4.53    0.01   1.04   2.38   4.05   4.59   5.15   6.26   7041    1.0
outl_loglike[27]    4.75  9.8e-3   0.81   3.22   4.26   4.74   5.26   6.36   6796    1.0
outl_loglike[28]    4.69  9.5e-3   0.85   2.99    4.2   4.69   5.22   6.32   8016    1.0
outl_loglike[29]    4.75  7.0e-3   0.78   3.26   4.25   4.73   5.24   6.33  12559    1.0
outl_loglike[30]    4.78  9.9e-3   0.76   3.39   4.29   4.75   5.27   6.33   5806    1.0
outl_loglike[31]    4.79  8.6e-3   0.76   3.41   4.29   4.76   5.26   6.35   7837    1.0
outl_loglike[32]    4.66  9.4e-3    0.9    2.9   4.18   4.67    5.2   6.31   9163    1.0
outl_loglike[33]    4.69    0.01   0.81   3.09   4.19   4.69   5.21    6.3   3333    1.0
outl_loglike[34]    3.08    0.04   4.25  -8.53   2.99   4.09   4.83   6.06  13071    1.0
outl_loglike[35]    4.68  8.0e-3   0.84   3.03    4.2   4.68    5.2   6.31  11047    1.0
outl_loglike[36]    4.76  7.2e-3   0.77   3.34   4.27   4.74   5.23   6.35  11680    1.0
outl_loglike[37]    4.78  8.9e-3   0.76   3.39   4.28   4.75   5.26   6.34   7210    1.0
outl_loglike[38]    4.53  8.7e-3    0.9   2.74   4.02   4.53   5.07   6.21  10634    1.0
outl_loglike[39]    4.32    0.02   1.06   2.11   3.78   4.38   4.98   6.12   4059    1.0
outl_loglike[40]   -5.44    1.89  14.75 -55.87  -7.01  -0.48   2.68   5.38     61   1.09
outl_loglike[41]    4.66    0.01   0.88   2.86   4.17   4.67   5.22   6.29   3751    1.0
outl_loglike[42]    4.75  8.6e-3   0.78    3.3   4.25   4.72   5.23   6.34   8166    1.0
outl_loglike[43]    4.22    0.01   1.57   1.35   3.75   4.41   4.99   6.14  15782    1.0
outl_loglike[44]    4.65    0.01   0.85   3.04   4.15   4.65   5.19   6.26   3608    1.0
outl_loglike[45]    4.68  7.7e-3   0.86   2.96    4.2   4.68    5.2   6.31  12448    1.0
outl_loglike[46]    4.77    0.02   0.78   3.31   4.28   4.75   5.25   6.36   1110    1.0
outl_loglike[47]    4.68    0.03   1.18   3.02   4.21    4.7   5.23   6.31   2158    1.0
outl_loglike[48]    4.74  7.9e-3    0.8   3.18   4.23   4.72   5.25   6.35  10347    1.0
outl_loglike[49]    4.61    0.01   0.88   2.77   4.11   4.62   5.16   6.28   7797    1.0
outl_loglike[50]    3.64    0.02   2.53  -1.41   3.18    4.1   4.78   5.98  14137    1.0
outl_loglike[51]    4.52    0.01   0.93   2.63   4.01   4.55    5.1   6.22   5878    1.0
outl_loglike[52]    4.82  8.8e-3   0.74    3.5   4.32   4.78   5.28   6.36   7065    1.0
outl_loglike[53]    4.69  8.0e-3   0.85   3.11   4.21   4.68    5.2   6.29  11319    1.0
outl_loglike[54]    4.62  8.6e-3   0.95   2.74   4.14   4.65   5.18   6.29  12158    1.0
outl_loglike[55]    4.77    0.01   0.77   3.34   4.28   4.74   5.26   6.33   5571    1.0
outl_loglike[56]     4.6    0.01   0.92   2.69    4.1   4.61   5.15   6.28   6025    1.0
outl_loglike[57]    4.49  9.4e-3   1.05   2.28   3.99   4.54   5.11   6.24  12424    1.0
outl_loglike[58]     4.7  7.9e-3   0.85   3.08   4.21   4.69   5.21   6.31  11618    1.0
outl_loglike[59]    4.56    0.05    1.0   2.43   4.08   4.61   5.14   6.29    451   1.01
outl_loglike[60]    4.53  9.6e-3   1.14   2.39   4.06   4.58   5.13   6.26  14071    1.0
outl_loglike[61]    4.61  8.2e-3   0.96   2.73   4.13   4.63   5.16   6.29  13632    1.0
outl_loglike[62]    3.81    0.02   2.15  -0.44   3.31   4.18   4.85   6.06  15053    1.0
outl_loglike[63]    4.65    0.01   0.87   2.88   4.15   4.65   5.19   6.29   6784    1.0
outl_loglike[64]    4.74  7.2e-3   0.78   3.24   4.24   4.72   5.22   6.33  11701    1.0
outl_loglike[65]    4.59    0.01   1.01   2.73   4.09    4.6   5.15   6.29   9933    1.0
outl_loglike[66]    4.69  7.9e-3   0.83   3.04    4.2   4.69    5.2   6.32  11286    1.0
outl_loglike[67]    4.69  7.8e-3   0.92   3.02    4.2   4.69    5.2    6.3  13820    1.0
outl_loglike[68]    4.21    0.01    1.3   1.48   3.67   4.35   4.97   6.14   8774    1.0
outl_loglike[69]    3.21    0.55   4.06  -9.61   3.19   4.09   4.77   6.05     54   1.08
outl_loglike[70]    4.69  8.6e-3   0.83   3.02    4.2   4.68   5.21    6.3   9326    1.0
outl_loglike[71]    4.26    0.02   1.25   1.73   3.72   4.38    5.0   6.14   5945    1.0
outl_loglike[72]    4.54    0.01   0.97   2.58   4.05   4.57   5.12   6.23   7966    1.0
outl_loglike[73]    4.68  7.8e-3   0.84   2.95   4.19   4.68   5.19   6.29  11836    1.0
outl_loglike[74]    4.76  7.1e-3   0.77   3.32   4.27   4.73   5.24   6.33  11824    1.0
outl_loglike[75]  -26.18    6.32  39.64 -170.3 -25.27 -15.21  -9.23  -1.44     39   1.14
outl_loglike[76]    4.34    0.02   1.04   2.26   3.78   4.38   4.97   6.13   4482    1.0
outl_loglike[77]     4.3    0.01   1.12   2.01   3.75   4.38   4.98   6.17   6643    1.0
outl_loglike[78]    4.73  7.1e-3   0.75   3.32   4.24    4.7    5.2   6.28  11187    1.0
outl_loglike[79]    1.95    0.12   4.96  -9.48   1.48   3.11   4.23   5.71   1597    1.0
outl_loglike[80]    4.76  6.8e-3   0.76   3.34   4.26   4.73   5.23   6.35  12568    1.0
outl_loglike[81]     4.8  6.8e-3   0.75   3.47   4.31   4.76   5.26   6.36  11881    1.0
outl_loglike[82]    3.38    0.03   3.39  -3.93   2.98   4.03   4.79   6.01  12452    1.0
outl_loglike[83]    4.48    0.01   1.45   2.14   4.04   4.58   5.14   6.25  16120    1.0
outl_loglike[84]    4.76  9.0e-3   0.79   3.29   4.27   4.74   5.24   6.34   7660    1.0
outl_loglike[85]    3.88    0.02   1.85   0.57   3.32   4.14   4.81   6.03   9837    1.0
outl_loglike[86]    3.72    0.67   3.85 -12.82   3.81   4.39   4.96   6.13     33   1.14
outl_loglike[87]    4.68  9.1e-3   0.85   2.98   4.19   4.68   5.21   6.31   8766    1.0
outl_loglike[88]    4.59  8.6e-3   1.07   2.61   4.13   4.63   5.17   6.27  15621    1.0
outl_loglike[89]    4.62    0.15   1.34   2.82   4.24    4.7   5.22   6.34     76   1.06
outl_loglike[90]    2.21    0.15   5.48  -9.87   1.99   3.49   4.49   5.82   1348    1.0
outl_loglike[91]   -8.29    0.31  15.78 -49.43 -13.48  -4.52   2.74   5.49   2554    1.0
outl_loglike[92]    4.78  7.0e-3   0.77   3.41   4.29   4.76   5.25   6.35  12120    1.0
outl_loglike[93]    4.74  8.2e-3   0.79   3.25   4.25   4.72   5.23   6.32   9320    1.0
outl_loglike[94]    4.73  8.5e-3   0.81    3.2   4.24   4.71   5.22   6.33   8939    1.0
outl_loglike[95]    4.48    0.01   1.03   2.48   3.98   4.52   5.07   6.19   7800    1.0
outl_loglike[96]    4.13    0.03   1.31   1.56   3.53   4.25   4.92   6.08   2578    1.0
outl_loglike[97]    4.73    0.01    0.8   3.16   4.24   4.71   5.22   6.33   4726    1.0
outl_loglike[98]    1.68     0.7   5.43 -16.56   1.57   3.06   4.13    5.8     60   1.07
outl_loglike[99]     4.6  9.0e-3   0.92   2.73    4.1   4.62   5.16   6.27  10469    1.0
outl_loglike[100]   4.68    0.02   0.87   2.96    4.2   4.69    5.2   6.32   2264    1.0
outl_loglike[101]   4.76  7.7e-3   0.77   3.32   4.27   4.74   5.24   6.34  10078    1.0
outl_loglike[102]   4.71  8.1e-3   0.86   3.05   4.22   4.71   5.23   6.33  11401    1.0
outl_loglike[103]   4.67    0.01   0.84   3.02   4.17   4.67    5.2    6.3   4538    1.0
outl_loglike[104]   3.61    0.04   2.56  -1.01   3.05   4.01   4.79   6.08   5293    1.0
outl_loglike[105]   4.76  6.8e-3   0.78   3.32   4.27   4.74   5.25   6.35  12901    1.0
outl_loglike[106]   4.75    0.01   0.78   3.28   4.26   4.72   5.22   6.33   5717    1.0
outl_loglike[107]   4.72  7.8e-3    0.8   3.16   4.23   4.71   5.22   6.32  10584    1.0
outl_loglike[108]   4.73    0.04   0.85   3.13   4.25   4.72   5.23   6.36    544   1.01
outl_loglike[109]   4.31    0.01   1.71    1.4   3.91   4.51   5.07   6.22  18735    1.0
outl_loglike[110]   4.75  7.4e-3   0.78   3.29   4.26   4.73   5.24   6.35  11034    1.0
outl_loglike[111]   3.15    0.03   3.14  -4.71   2.65   3.83   4.67   5.96  11780    1.0
outl_loglike[112]   3.75    0.02   2.31  -0.76   3.26   4.14   4.83   6.05  14386    1.0
outl_loglike[113]   4.61    0.01   1.12   2.63   4.13   4.65   5.19    6.3   9071    1.0
outl_loglike[114]   4.23    0.01   1.41   1.48    3.7   4.38   5.01   6.18   9254    1.0
outl_loglike[115]   4.77  8.4e-3   0.77   3.38   4.28   4.74   5.25   6.33   8555    1.0
outl_loglike[116]   4.81  7.6e-3   0.75   3.47   4.31   4.78   5.28   6.36   9656    1.0
outl_loglike[117]   4.75  8.6e-3   0.79   3.28   4.26   4.74   5.24   6.33   8438    1.0
outl_loglike[118]   4.39    0.01   1.87   1.84   4.01   4.56   5.11   6.24  18119    1.0
outl_loglike[119]   3.45    0.03   2.82  -2.19   2.95   3.88   4.68   6.05   7445    1.0
outl_loglike[120] -25.89    5.66  36.44 -147.0 -25.94 -15.59  -9.53  -1.54     42   1.13
outl_loglike[121]   4.26    0.02   1.15   1.98   3.71   4.33   4.94   6.13   5821    1.0
outl_loglike[122]   4.73  7.2e-3    0.8   3.19   4.24   4.71   5.21   6.33  12412    1.0
outl_loglike[123]    4.4    0.02   1.08   2.18   3.89   4.48   5.06   6.17   4656    1.0
outl_loglike[124]   4.76  6.9e-3   0.77   3.31   4.26   4.73   5.23   6.34  12504    1.0
outl_loglike[125]   4.18    0.02   2.43   0.77   3.81   4.47   5.09   6.23  11665    1.0
outl_loglike[126]    3.7    0.02   2.09  -0.49   3.11   4.04   4.78   6.05   9801    1.0
lp__              -339.5    4.42   66.1 -443.6 -387.5 -350.1 -299.4 -189.3    224   1.02

Samples were drawn using NUTS at Mon Sep 16 18:05:45 2019.
For each parameter, n_eff is a crude measure of effective sample size,
and Rhat is the potential scale reduction factor on split chains (at 
convergence, Rhat=1).
