Inference for Stan model: anon_model_5d703b856fa2f28cab8159e4abe012f4.
4 chains, each with iter=20000; warmup=10000; thin=1; 
post-warmup draws per chain=10000, total post-warmup draws=40000.

                    mean se_mean     sd   2.5%    25%    50%    75%  97.5%  n_eff   Rhat
MB[1]             -19.46  8.7e-5   0.01 -19.48 -19.46 -19.45 -19.45 -19.43  15734    1.0
coeff_angles[1]     0.74  2.0e-4   0.02    0.7   0.73   0.74   0.75   0.78   9597    1.0
coeff_angles[2]     0.04  7.4e-5 7.9e-3   0.03   0.04   0.04   0.05   0.06  11676    1.0
coeff_angles[3]    -0.04  1.6e-4   0.01  -0.07  -0.05  -0.04  -0.03  -0.01   8492    1.0
sigma_int[1]         0.1  9.3e-5 8.1e-3   0.09    0.1    0.1   0.11   0.12   7668    1.0
outl_frac[1]        0.07  1.2e-4   0.01   0.04   0.06   0.07   0.08   0.09  14853    1.0
coeff[1]            0.92  3.7e-4   0.04   0.85   0.89   0.91   0.94   0.99   9563    1.0
coeff[2]            0.04  7.4e-5 8.0e-3   0.03   0.04   0.04   0.05   0.06  11676    1.0
coeff[3]           -0.04  1.6e-4   0.01  -0.07  -0.05  -0.04  -0.03  -0.01   8492    1.0
outl_loglike[1]     3.01  5.2e-3   0.58   1.54   2.83   3.11   3.34   3.78  12574    1.0
outl_loglike[2]     3.88  3.9e-3    0.6   2.29   3.67    4.0   4.24   4.66  23395    1.0
outl_loglike[3]     3.44    0.02   1.66   0.82   3.37   3.76   4.01   4.44  10497    1.0
outl_loglike[4]     3.65    0.01   1.43   1.29   3.55   3.93   4.17   4.59  12933    1.0
outl_loglike[5]     3.69    0.01   1.35    1.4   3.57   3.96    4.2   4.62  11543    1.0
outl_loglike[6]      3.8  8.2e-3   0.91   1.83   3.65   3.99   4.23   4.65  12165    1.0
outl_loglike[7]      3.3  9.9e-3    1.1   1.01   3.17   3.53   3.77   4.22  12335    1.0
outl_loglike[8]     3.53    0.01   1.52   0.96   3.44   3.83   4.08   4.51  10977    1.0
outl_loglike[9]     3.52    0.01   1.51    0.9   3.44   3.83   4.08   4.51  10547    1.0
outl_loglike[10]    3.83  6.6e-3   0.79   1.96   3.67    4.0   4.24   4.66  14420    1.0
outl_loglike[11]    3.34    0.02   2.44  -2.18   3.37   3.91   4.19   4.63  11452    1.0
outl_loglike[12]    3.48    0.01   1.54   0.85    3.4   3.79   4.04   4.48  11463    1.0
outl_loglike[13]    3.46    0.01   1.41   0.99   3.36   3.75    4.0   4.43   9090    1.0
outl_loglike[14]    3.56    0.01    1.4   1.07   3.46   3.84   4.08   4.52  12025    1.0
outl_loglike[15]    3.71    0.01   1.16    1.5   3.58   3.95   4.19   4.62  11701    1.0
outl_loglike[16]    3.85  6.5e-3   0.79   2.09   3.69   4.01   4.24   4.65  14776    1.0
outl_loglike[17]    3.52    0.02    2.0   0.69   3.48    3.9   4.15   4.57  10491    1.0
outl_loglike[18]    3.16  7.3e-3   0.86   1.15    3.0   3.34   3.59   4.03  13905    1.0
outl_loglike[19]    3.43    0.01   1.54   0.96   3.33   3.73   3.98   4.42  13116    1.0
outl_loglike[20]    3.84  5.7e-3   0.75    2.1   3.67    4.0   4.23   4.64  17320    1.0
outl_loglike[21]    3.68    0.01   1.41   1.38   3.57   3.95    4.2   4.62  11356    1.0
outl_loglike[22]     3.4    0.01   1.39   0.91    3.3   3.69   3.94   4.38  10438    1.0
outl_loglike[23]    3.39    0.03   2.52   -0.8   3.44    3.9   4.15   4.59   9173    1.0
outl_loglike[24]    2.92    0.01   1.68  -1.86    2.5   3.38   3.93   4.51  22932    1.0
outl_loglike[25]    3.68  3.7e-3    0.7   1.95   3.38   3.84   4.14    4.6  35400    1.0
outl_loglike[26]    3.92  4.9e-3   0.59   2.43   3.76   4.04   4.26   4.67  14561    1.0
outl_loglike[27]     3.5    0.02   1.77   0.78   3.44   3.85   4.09   4.52   9741    1.0
outl_loglike[28]    3.55    0.02   1.65   0.84   3.48   3.88   4.12   4.55  10457    1.0
outl_loglike[29]    3.42    0.01   1.27   0.97    3.3   3.68   3.93   4.37  10760    1.0
outl_loglike[30]    4.16  2.3e-3    0.3   3.53   3.98   4.16   4.35   4.73  17014    1.0
outl_loglike[31]    3.43    0.01   1.55   0.73   3.35   3.74   3.99   4.43  10694    1.0
outl_loglike[32]    4.09  2.1e-3   0.31   3.43    3.9   4.09   4.29   4.68  23369    1.0
outl_loglike[33]    3.62    0.01   1.52   1.12   3.52   3.92   4.17    4.6  10793    1.0
outl_loglike[34]    3.76  9.5e-3   1.07   1.66   3.62   3.98   4.22   4.64  12569    1.0
outl_loglike[35]    3.44    0.02   2.06   0.39   3.41   3.84   4.09   4.52  10459    1.0
outl_loglike[36]    3.22  8.8e-3   0.99   1.04   3.07   3.43   3.67   4.12  12632    1.0
outl_loglike[37]    3.87  5.5e-3   0.71   2.13    3.7   4.02   4.25   4.67  16262    1.0
outl_loglike[38]    3.07  7.9e-3   0.95   0.93   2.92   3.28   3.52   3.97  14440    1.0
outl_loglike[39]    3.24    0.03   2.84  -1.96   3.35   3.83   4.09   4.52  10008    1.0
outl_loglike[40]    3.67  9.3e-3   1.25   1.21   3.54   3.96    4.2   4.63  18093    1.0
outl_loglike[41]    3.58    0.02   1.77   0.81   3.51   3.93   4.17    4.6  11141    1.0
outl_loglike[42]    3.56    0.01    1.5   1.11   3.47   3.85   4.09   4.52  10559    1.0
outl_loglike[43]    3.66    0.01   1.51   1.31   3.56   3.95   4.19   4.62  10731    1.0
outl_loglike[44]    3.91  3.3e-3   0.53   2.53   3.71   4.01   4.24   4.66  25529    1.0
outl_loglike[45]    3.03    0.01   1.19   0.51    2.9   3.29   3.55    4.0  14045    1.0
outl_loglike[46]    3.69  5.5e-3    0.9   1.48   3.46   3.93   4.19   4.62  27213    1.0
outl_loglike[47]    3.31    0.01   1.28   0.76    3.2   3.58   3.83   4.28  11097    1.0
outl_loglike[48]    3.16  7.8e-3    0.9    1.1    3.0   3.35   3.59   4.04  13262    1.0
outl_loglike[49]    3.93  3.6e-3   0.55   2.49   3.75   4.04   4.26   4.66  23706    1.0
outl_loglike[50]    3.95  4.2e-3   0.55   2.54   3.78   4.06   4.27   4.68  17287    1.0
outl_loglike[51]    3.16  7.4e-3   0.85    1.2    3.0   3.34   3.59   4.03  13171    1.0
outl_loglike[52]    3.66    0.01   1.32   1.47   3.54   3.92   4.17   4.59  13211    1.0
outl_loglike[53]    3.66    0.01   1.46   1.34   3.56   3.95   4.19   4.61   9628    1.0
outl_loglike[54]     3.0  6.2e-3   0.76   1.15   2.84   3.16   3.39   3.84  14890    1.0
outl_loglike[55]    3.39    0.01   1.46   0.79   3.29   3.68   3.93   4.37  11426    1.0
outl_loglike[56]    3.37    0.01   1.42   0.88   3.27   3.66   3.91   4.34  11960    1.0
outl_loglike[57]    4.18  2.1e-3   0.28   3.61    4.0   4.18   4.36   4.74  17840    1.0
outl_loglike[58]    3.91  4.1e-3    0.6   2.37   3.73   4.03   4.26   4.67  21178    1.0
outl_loglike[59]    3.87  5.8e-3   0.72   2.15    3.7   4.02   4.25   4.66  15699    1.0
outl_loglike[60]    3.62  4.8e-3   0.87   1.38   3.32   3.86   4.15    4.6  33598    1.0
outl_loglike[61]    3.58    0.01   1.45   1.19   3.47   3.86   4.11   4.54  11932    1.0
outl_loglike[62]    3.45  7.6e-3   1.21   0.41   3.16    3.8   4.13    4.6  25474    1.0
outl_loglike[63]    3.96  4.4e-3   0.54   2.62   3.79   4.06   4.28   4.68  14903    1.0
outl_loglike[64]    3.75  8.6e-3   1.07   1.49   3.61   3.99   4.23   4.65  15610    1.0
outl_loglike[65]    2.76  3.8e-3   0.54   1.41   2.57   2.85   3.08   3.52  19672    1.0
outl_loglike[66]    3.94  4.4e-3   0.56   2.46   3.77   4.05   4.27   4.68  16117    1.0
outl_loglike[67]    3.89  5.7e-3   0.68   2.22   3.72   4.03   4.26   4.67  14278    1.0
outl_loglike[68]    3.64    0.01   1.44   1.23   3.54   3.94   4.18   4.61  10399    1.0
outl_loglike[69]    3.69  6.0e-3   0.91   1.47   3.47   3.93    4.2   4.63  23489    1.0
outl_loglike[70]    3.85  6.3e-3   0.75   2.03   3.69   4.02   4.24   4.66  14294    1.0
outl_loglike[71]    3.81  6.7e-3   0.76   1.93   3.65   3.98   4.21   4.63  12731    1.0
outl_loglike[72]    3.38    0.01   1.34   0.92   3.28   3.65   3.89   4.34  10855    1.0
outl_loglike[73]    3.61    0.01   1.44   1.18    3.5   3.89   4.14   4.56  10435    1.0
outl_loglike[74]    3.73    0.01   1.18   1.58    3.6   3.98   4.21   4.63  12128    1.0
outl_loglike[75]    2.68    0.04    4.1   -9.8   3.06   3.83   4.15   4.61  11470    1.0
outl_loglike[76]     3.7    0.01    1.2   1.49   3.57   3.94   4.18   4.61  12180    1.0
outl_loglike[77]    3.61    0.02    1.7   1.04   3.53   3.95    4.2   4.62  10558    1.0
outl_loglike[78]    3.44    0.02    1.9  -0.64   3.35   3.91   4.19   4.63  15368    1.0
outl_loglike[79]    3.63  5.4e-3   0.89   1.36   3.35   3.87   4.17   4.62  27580    1.0
outl_loglike[80]    3.84  7.2e-3   0.82   1.98   3.68   4.01   4.24   4.66  12928    1.0
outl_loglike[81]    3.55    0.02   1.55   0.99   3.47   3.87   4.11   4.54  10497    1.0
outl_loglike[82]    3.73    0.01   1.22   1.55   3.61   3.98   4.22   4.64   9981    1.0
outl_loglike[83]    3.28  8.9e-3    1.0   1.06   3.13   3.49   3.74   4.18  12574    1.0
outl_loglike[84]    1.54  7.4e-3   1.31  -1.62   0.87   1.73   2.45   3.52  31441    1.0
outl_loglike[85]    3.12  7.2e-3   0.82   1.23   2.96   3.29   3.54   3.98  12682    1.0
outl_loglike[86]    3.27    0.01   1.04   1.08   3.13    3.5   3.75   4.19  10590    1.0
outl_loglike[87]    3.53    0.02   1.67   0.93   3.45   3.85    4.1   4.53  12011    1.0
outl_loglike[88]    3.02  6.6e-3   0.79   1.13   2.85   3.19   3.43   3.88  14564    1.0
outl_loglike[89]    3.38    0.02   1.76   0.44   3.32   3.73   3.99   4.42  10158    1.0
outl_loglike[90]     3.7    0.01   1.19   1.54   3.58   3.94   4.19   4.61  12378    1.0
outl_loglike[91]    3.57  9.9e-3   1.11   1.36   3.43    3.8   4.04   4.47  12568    1.0
outl_loglike[92]    3.69    0.01   1.37   1.32   3.58   3.97   4.21   4.64  11319    1.0
outl_loglike[93]    3.75  4.9e-3   0.76   1.82   3.54   3.93   4.18   4.61  23552    1.0
outl_loglike[94]    3.53  3.2e-3   0.64   1.97   3.19   3.64   3.98   4.47  40655    1.0
outl_loglike[95]    4.09  2.8e-3   0.37   3.22   3.92   4.12   4.32   4.71  16607    1.0
outl_loglike[96]     3.7    0.01   1.31    1.4   3.58   3.96    4.2   4.62  11705    1.0
outl_loglike[97]    3.46    0.01   1.38   1.12   3.35   3.73   3.98   4.42  12092    1.0
outl_loglike[98]    3.45    0.02   1.56   0.75   3.36   3.76   4.01   4.44  10100    1.0
outl_loglike[99]    3.41    0.02   1.71   0.71   3.35   3.74   3.99   4.43  12155    1.0
outl_loglike[100]   3.87  6.4e-3   0.75   2.11   3.71   4.02   4.25   4.66  13669    1.0
outl_loglike[101]   3.46    0.02   1.81   0.67    3.4   3.81   4.06   4.49   9031    1.0
outl_loglike[102]   3.81  7.1e-3   0.86   1.86   3.65    4.0   4.24   4.65  14915    1.0
outl_loglike[103]   3.29    0.02   1.66   0.53   3.22   3.62   3.88   4.32  11308    1.0
outl_loglike[104]   3.44  8.0e-3   1.23   0.39   3.13   3.79   4.13    4.6  23419    1.0
outl_loglike[105]   0.96    0.01   1.97  -3.94  -0.02   1.36   2.36    3.7  23125    1.0
outl_loglike[106]   3.84  7.8e-3   0.87   2.03   3.68   4.01   4.24   4.66  12412    1.0
outl_loglike[107]   3.95  4.2e-3   0.54   2.55   3.78   4.05   4.27   4.68  16823    1.0
outl_loglike[108]   3.42    0.01   1.26    1.1    3.3   3.68   3.93   4.36  11096    1.0
outl_loglike[109]   2.93  5.2e-3   0.65   1.26   2.76   3.06    3.3   3.74  15610    1.0
outl_loglike[110]   2.85  5.3e-3   0.71   1.07   2.67    3.0   3.24   3.69  17842    1.0
outl_loglike[111]   3.95  4.4e-3   0.56    2.5   3.78   4.05   4.27   4.68  16720    1.0
outl_loglike[112]   2.94  7.4e-3   0.87   0.85   2.78   3.14   3.38   3.84  13988    1.0
outl_loglike[113]   3.99  2.3e-3   0.41    3.0    3.8   4.04   4.25   4.66  31089    1.0
outl_loglike[114]   3.84  4.5e-3   0.69   2.08   3.65    4.0   4.24   4.66  23866    1.0
outl_loglike[115]   3.84  5.0e-3   0.71   2.03   3.66    4.0   4.24   4.66  20812    1.0
outl_loglike[116]   3.68    0.01   1.43   1.28   3.57   3.96   4.21   4.64  11924    1.0
outl_loglike[117]   3.69  4.1e-3   0.57   2.38   3.37   3.76   4.08    4.6  19008    1.0
outl_loglike[118]    4.0  3.9e-3   0.48   2.76   3.83   4.08   4.29   4.69  15574    1.0
outl_loglike[119]    3.3    0.01   1.17   1.02   3.18   3.55   3.79   4.23  10857    1.0
outl_loglike[120]   3.43    0.01   1.35   0.97   3.32   3.71   3.96   4.39  10537    1.0
outl_loglike[121]   3.07  6.3e-3   0.72   1.31    2.9   3.21   3.44   3.88  13095    1.0
outl_loglike[122]   3.22    0.03   2.95  -3.54   3.36   3.89   4.16    4.6  12279    1.0
outl_loglike[123]   3.49    0.01   1.58   0.94    3.4   3.79   4.04   4.47  11297    1.0
outl_loglike[124]   3.92  5.1e-3   0.62   2.37   3.75   4.04   4.26   4.67  14763    1.0
outl_loglike[125]   2.97  5.4e-3   0.66   1.32   2.79    3.1   3.34   3.78  14803    1.0
outl_loglike[126]   3.94  3.7e-3   0.53   2.56   3.75   4.04   4.26   4.67  20692    1.0
outl_loglike[127]   3.36    0.01   1.65  -0.83   3.15   3.82   4.15   4.61  17672    1.0
outl_loglike[128]   3.22  9.9e-3   1.12   1.01   3.09   3.45   3.69   4.14  13012    1.0
outl_loglike[129]   3.81  7.4e-3   0.88   1.88   3.65    4.0   4.23   4.65  14104    1.0
outl_loglike[130]   3.55    0.02   1.65   0.94   3.46   3.87   4.12   4.55  10002    1.0
outl_loglike[131]   3.21  8.7e-3   0.93   1.16   3.06    3.4   3.64   4.09  11474    1.0
outl_loglike[132]   3.74    0.01   1.17   1.59    3.6   3.97   4.21   4.63  13192    1.0
outl_loglike[133]   3.51    0.01   1.63   0.87   3.43   3.83   4.08   4.51  11964    1.0
outl_loglike[134]   3.83  7.2e-3   0.82   1.96   3.66    4.0   4.23   4.65  13188    1.0
outl_loglike[135]   3.65    0.01   1.38   1.23   3.54   3.93   4.17    4.6  11805    1.0
outl_loglike[136]   3.85  6.6e-3   0.77   2.12   3.69   4.01   4.24   4.66  13818    1.0
outl_loglike[137]   3.53    0.02   1.54   1.02   3.44   3.83   4.07   4.51  10045    1.0
outl_loglike[138]   3.56    0.02   1.91   0.83   3.51   3.92   4.16   4.59  10134    1.0
outl_loglike[139]   3.94  4.0e-3   0.56    2.5   3.76   4.04   4.26   4.68  19382    1.0
outl_loglike[140]   3.96  4.3e-3   0.54   2.55   3.79   4.06   4.27   4.68  16087    1.0
outl_loglike[141]   3.79  8.0e-3   0.88   1.83   3.63   3.98   4.21   4.64  12042    1.0
outl_loglike[142]   3.82  6.9e-3   0.78   2.08   3.66   3.98   4.21   4.62  12706    1.0
outl_loglike[143]   3.79  8.5e-3   0.96   1.81   3.63   3.99   4.22   4.65  12765    1.0
outl_loglike[144]   3.47    0.02   1.97   0.41   3.45   3.87   4.11   4.54   9455    1.0
outl_loglike[145]    3.2    0.03   2.66   -1.4   3.27   3.74    4.0   4.44  10997    1.0
outl_loglike[146]   3.91  5.0e-3   0.62   2.33   3.74   4.03   4.26   4.67  15720    1.0
outl_loglike[147]   3.21  9.1e-3   0.98    1.0   3.05   3.42   3.67   4.12  11598    1.0
outl_loglike[148]   3.27    0.01    1.2   0.87   3.14   3.53   3.77   4.22  11360    1.0
outl_loglike[149]   3.46    0.02   1.79   0.69    3.4   3.82   4.07    4.5  10947    1.0
outl_loglike[150]   3.35    0.01   1.18    1.1   3.23    3.6   3.85   4.29  12150    1.0
outl_loglike[151]   3.01  5.2e-3   0.61    1.5   2.84   3.12   3.36   3.79  13598    1.0
outl_loglike[152]   3.92  4.7e-3    0.6    2.4   3.75   4.04   4.26   4.67  15903    1.0
outl_loglike[153]    3.7    0.01   1.19   1.48   3.57   3.95   4.19   4.61  13202    1.0
outl_loglike[154]   3.47    0.01    1.3   1.02   3.35   3.74   3.98   4.42  12246    1.0
outl_loglike[155]   3.56  9.1e-3   1.26   0.57   3.36    3.9   4.18   4.62  19409    1.0
outl_loglike[156]   3.08    0.03   2.93  -3.42   3.22   3.71   3.97   4.41  10677    1.0
outl_loglike[157]   3.05  7.9e-3   0.96   0.85    2.9   3.26    3.5   3.95  14795    1.0
outl_loglike[158]   3.86  6.0e-3   0.73   2.05    3.7   4.02   4.24   4.66  14646    1.0
outl_loglike[159]   3.86  4.8e-3   0.69   2.12   3.67   4.01   4.24   4.67  20421    1.0
outl_loglike[160]   3.71    0.01   1.26   1.44   3.59   3.96    4.2   4.62  12168    1.0
outl_loglike[161]   3.67    0.01   1.34   1.35   3.55   3.94   4.18    4.6   9432    1.0
outl_loglike[162]   3.42    0.02    1.6   0.79   3.34   3.73   3.98   4.41  11318    1.0
outl_loglike[163]   3.56  4.5e-3   0.85   1.37   3.23   3.79   4.11   4.58  35317    1.0
outl_loglike[164]   4.05  3.1e-3   0.41   3.04   3.88    4.1    4.3   4.71  18050    1.0
outl_loglike[165]   2.83  4.3e-3   0.59   1.28   2.64   2.94   3.18   3.63  18924    1.0
outl_loglike[166]   3.24    0.01   1.38   0.55   3.13   3.53   3.78   4.23  12413    1.0
outl_loglike[167]   3.45  6.2e-3   1.06   0.77   3.12   3.74    4.1   4.58  29379    1.0
outl_loglike[168]   3.73  8.8e-3   1.09   1.64   3.59   3.95   4.19   4.62  15382    1.0
outl_loglike[169]   3.82  4.5e-3    0.7   2.02   3.62   3.99   4.23   4.66  23841    1.0
outl_loglike[170]   3.65    0.02   1.51   1.24   3.56   3.94   4.18   4.61   9800    1.0
outl_loglike[171]   3.98  4.1e-3   0.51    2.7    3.8   4.06   4.28   4.69  15518    1.0
outl_loglike[172]   3.96  4.4e-3   0.53    2.6   3.79   4.06   4.27   4.68  14730    1.0
outl_loglike[173]   3.45    0.01   1.44   0.87   3.36   3.74   3.99   4.42  10531    1.0
outl_loglike[174]   3.42    0.01   1.52   0.84   3.32   3.72   3.97   4.41  10841    1.0
outl_loglike[175]   3.88  5.5e-3   0.69   2.21   3.71   4.03   4.25   4.67  15540    1.0
outl_loglike[176]   3.67    0.01   1.39   1.37   3.56   3.94   4.19   4.62  11104    1.0
outl_loglike[177]    3.7    0.01   1.37   1.45   3.59   3.96    4.2   4.62  12141    1.0
outl_loglike[178]   3.69    0.01    1.3   1.38   3.57   3.95   4.19   4.61  11826    1.0
outl_loglike[179]   4.12  2.8e-3   0.34   3.33   3.94   4.14   4.33   4.72  15444    1.0
outl_loglike[180]   3.65    0.01   1.49   1.24   3.56   3.94   4.18   4.61  12659    1.0
outl_loglike[181]   4.06  3.0e-3   0.39   3.12   3.89   4.11    4.3    4.7  16924    1.0
outl_loglike[182]   3.34    0.02   2.18   0.02   3.35   3.77   4.02   4.46  10710    1.0
outl_loglike[183]   3.64    0.01   1.33   1.34   3.52    3.9   4.15   4.58  11017    1.0
outl_loglike[184]   3.29  9.5e-3   1.09   1.12   3.15   3.51   3.76   4.21  13095    1.0
outl_loglike[185]    3.1  6.2e-3   0.73   1.33   2.94   3.25   3.49   3.93  13743    1.0
outl_loglike[186]   2.83  4.3e-3   0.58   1.35   2.64   2.93   3.17   3.61  18287    1.0
outl_loglike[187]    3.4    0.02   1.49   0.73   3.32   3.71   3.96   4.39   8357    1.0
outl_loglike[188]    3.9  5.3e-3   0.66   2.26   3.73   4.04   4.26   4.68  15346    1.0
outl_loglike[189]   3.55    0.02   1.83   0.95   3.48   3.89   4.14   4.57   8804    1.0
outl_loglike[190]   4.02  3.5e-3   0.45    2.9   3.85   4.09   4.29   4.69  16427    1.0
outl_loglike[191]   3.68    0.01   1.37   1.46   3.55   3.95   4.19   4.62  12503    1.0
outl_loglike[192]   3.33    0.02   1.85    0.4   3.28   3.69   3.94   4.38  11430    1.0
outl_loglike[193]   3.83  5.8e-3   0.78   1.96   3.66    4.0   4.24   4.65  18042    1.0
outl_loglike[194]   3.27    0.02   2.08  -0.37   3.26    3.7   3.96    4.4  10071    1.0
outl_loglike[195]   3.74  7.4e-3   0.96   1.45   3.57   3.98   4.22   4.65  16667    1.0
outl_loglike[196]   3.91  5.0e-3   0.63   2.35   3.74   4.03   4.25   4.66  15820    1.0
outl_loglike[197]   4.11  2.1e-3   0.33   3.39   3.93   4.13   4.32   4.71  23196    1.0
outl_loglike[198]    3.7    0.01   1.38   1.38   3.59   3.96   4.21   4.63  11228    1.0
outl_loglike[199]   3.73  7.9e-3   1.07   1.45   3.58   3.97   4.22   4.64  18119    1.0
outl_loglike[200]   3.52    0.02   2.15   0.38   3.52   3.93   4.18   4.61  10351    1.0
outl_loglike[201]    3.8  7.6e-3   0.91    1.8   3.64    4.0   4.23   4.65  14336    1.0
outl_loglike[202]   3.73  8.1e-3   1.01   1.52   3.57   3.96    4.2   4.63  15449    1.0
outl_loglike[203]    3.3  9.4e-3   1.08   0.96   3.16   3.54   3.79   4.23  13378    1.0
outl_loglike[204]   4.02  2.3e-3   0.37   3.21   3.81   4.04   4.26   4.67  24634    1.0
outl_loglike[205]   3.77  8.6e-3    1.0   1.69   3.62   3.98   4.22   4.65  13589    1.0
outl_loglike[206]   3.55    0.01   1.47   1.08   3.45   3.85    4.1   4.53   9958    1.0
outl_loglike[207]   3.68    0.01   1.38    1.4   3.57   3.94   4.18   4.61  11399    1.0
outl_loglike[208]   3.54    0.01    1.5   1.05   3.46   3.84   4.09   4.51  11318    1.0
outl_loglike[209]   3.81  5.0e-3   0.76   1.91   3.62   3.99   4.23   4.65  22662    1.0
outl_loglike[210]   3.65    0.01   1.44   1.23   3.55   3.94   4.18    4.6  11955    1.0
outl_loglike[211]   3.31    0.01   1.37   0.91    3.2   3.57   3.82   4.26  12709    1.0
outl_loglike[212]   3.51    0.02   1.75   0.69   3.45   3.85    4.1   4.54  11248    1.0
outl_loglike[213]   3.78  8.7e-3   0.96   1.75   3.63   3.99   4.23   4.65  12228    1.0
outl_loglike[214]   4.03  3.5e-3   0.44   2.94   3.85   4.09   4.29   4.69  15493    1.0
outl_loglike[215]   3.56    0.01   1.74   0.35   3.51   3.94   4.19   4.62  13929    1.0
outl_loglike[216]   3.59    0.01   1.45   1.17   3.48   3.88   4.12   4.55  12389    1.0
outl_loglike[217]   3.98  3.6e-3    0.5   2.67    3.8   4.06   4.28   4.69  19515    1.0
outl_loglike[218]    3.0  7.4e-3    0.9   0.86   2.85    3.2   3.45    3.9  14971    1.0
outl_loglike[219]   3.86  5.7e-3   0.74   2.09   3.68   4.02   4.25   4.67  16634    1.0
outl_loglike[220]   3.72    0.01   1.25   1.54    3.6   3.97   4.21   4.63  11557    1.0
outl_loglike[221]   3.67    0.01   1.35   1.31   3.56   3.94   4.19   4.61  11834    1.0
outl_loglike[222]   3.63    0.01   1.44    1.1   3.53   3.93   4.17   4.59  10609    1.0
outl_loglike[223]   4.01  3.7e-3   0.47   2.85   3.84   4.08   4.29   4.69  16252    1.0
outl_loglike[224]   3.14    0.02   2.25  -2.89   3.01   3.77   4.13    4.6  14081    1.0
outl_loglike[225]   3.83  6.8e-3   0.76   1.98   3.66    4.0   4.23   4.66  12413    1.0
outl_loglike[226]   3.77  9.4e-3   1.08   1.72   3.62   3.99   4.23   4.64  13009    1.0
outl_loglike[227]   3.73    0.01   1.14   1.64    3.6   3.96   4.19   4.62  12924    1.0
outl_loglike[228]   4.18  2.1e-3   0.28   3.63   4.01   4.18   4.36   4.74  17039    1.0
outl_loglike[229]   3.31    0.01   1.18   1.06   3.17   3.55    3.8   4.25  12173    1.0
outl_loglike[230]    3.3    0.01   1.55   0.63   3.22   3.62   3.87   4.31  10924    1.0
outl_loglike[231]   2.89  4.2e-3   0.54   1.51   2.71   2.98   3.21   3.65  16444    1.0
outl_loglike[232]   3.21    0.01   1.33   0.66   3.11   3.49   3.74   4.19  10852    1.0
outl_loglike[233]    3.7    0.01   1.27   1.35   3.57   3.97   4.22   4.64  13718    1.0
outl_loglike[234]   2.96  4.4e-3   0.55   1.55   2.78   3.05   3.28   3.72  15793    1.0
outl_loglike[235]    3.8  8.1e-3   0.93   1.84   3.65   3.99   4.22   4.64  13153    1.0
outl_loglike[236]   4.11  2.2e-3   0.33   3.37   3.94   4.13   4.32    4.7  22474    1.0
outl_loglike[237]    3.7    0.01   1.29   1.37   3.58   3.96    4.2   4.62  13844    1.0
outl_loglike[238]   3.71    0.01   1.17   1.43   3.57   3.96    4.2   4.62  13070    1.0
outl_loglike[239]   3.57    0.01   1.55    1.0   3.48   3.88   4.13   4.56  10835    1.0
outl_loglike[240]    3.6    0.02   1.65   1.01   3.53   3.92   4.17    4.6  11055    1.0
outl_loglike[241]   3.79  8.0e-3   0.93   1.79   3.63   3.99   4.23   4.64  13480    1.0
outl_loglike[242]   4.04  3.4e-3   0.42   2.99   3.87    4.1    4.3    4.7  15637    1.0
outl_loglike[243]   3.59    0.02   1.83   0.73   3.54   3.94   4.19   4.62  10764    1.0
outl_loglike[244]   3.63    0.01   1.47   1.25   3.52   3.91   4.16   4.58  11602    1.0
outl_loglike[245]   3.45  5.6e-3   0.99   0.96   3.07    3.7   4.08   4.57  31698    1.0
outl_loglike[246]   3.63    0.01    1.4   1.23   3.52   3.91   4.15   4.58  10076    1.0
outl_loglike[247]   2.44    0.01   2.26  -3.99   1.96   3.08   3.79   4.46  22762    1.0
outl_loglike[248]   3.49    0.02   1.68   0.95   3.41   3.81   4.06   4.49  10424    1.0
outl_loglike[249]   4.14  2.4e-3   0.32   3.46   3.96   4.15   4.34   4.73  17158    1.0
outl_loglike[250]   2.95  7.1e-3    0.9   0.78   2.78   3.15    3.4   3.85  15921    1.0
outl_loglike[251]    3.3    0.01   1.17   1.01   3.17   3.54   3.79   4.24  11088    1.0
outl_loglike[252]    3.9  4.3e-3    0.6   2.36   3.72   4.02   4.25   4.67  19311    1.0
outl_loglike[253]   3.74  9.8e-3    1.1   1.56   3.61   3.97   4.22   4.64  12574    1.0
outl_loglike[254]   3.73  7.8e-3    1.0   1.49   3.57   3.96   4.21   4.63  16375    1.0
outl_loglike[255]   3.26    0.02   1.62   0.27   3.21    3.6   3.85    4.3  11168    1.0
outl_loglike[256]   3.57  4.5e-3   0.82    1.5   3.22   3.76   4.11   4.59  33207    1.0
outl_loglike[257]   3.84  5.5e-3   0.75   2.01   3.66   4.01   4.25   4.66  18836    1.0
outl_loglike[258]   3.23    0.01   1.19   0.84   3.11   3.48   3.73   4.17  12266    1.0
outl_loglike[259]   2.78  4.6e-3   0.66   1.08   2.58   2.91   3.16   3.61  20597    1.0
outl_loglike[260]    3.9  5.8e-3   0.66    2.3   3.72   4.03   4.26   4.67  12834    1.0
outl_loglike[261]   4.07  2.9e-3   0.38   3.15    3.9   4.11   4.31    4.7  17351    1.0
outl_loglike[262]   3.56    0.02   1.66   0.87   3.48   3.88   4.13   4.56   9965    1.0
outl_loglike[263]   3.06  6.6e-3   0.76   1.23    2.9   3.21   3.46    3.9  13338    1.0
outl_loglike[264]   2.93  4.2e-3    0.5    1.7   2.75    3.0   3.23   3.67  14083    1.0
outl_loglike[265]   3.79  7.1e-3   0.89   1.85   3.64   3.98   4.22   4.64  15630    1.0
outl_loglike[266]   4.02  3.5e-3   0.45   2.89   3.85   4.09   4.29   4.69  15947    1.0
outl_loglike[267]   3.66    0.01   1.52   1.06   3.56   3.96    4.2   4.63  10989    1.0
outl_loglike[268]   3.71    0.01   1.21   1.28   3.57   3.98   4.23   4.65  13321    1.0
outl_loglike[269]   3.98  3.1e-3   0.48   2.77    3.8   4.06   4.27   4.68  24360    1.0
outl_loglike[270]   3.54    0.02   1.62   0.91   3.47   3.86    4.1   4.53  10044    1.0
outl_loglike[271]   3.81  7.8e-3   0.88   1.87   3.65    4.0   4.23   4.66  12847    1.0
outl_loglike[272]   3.36  9.9e-3   1.12   1.09   3.22   3.59   3.84   4.28  12724    1.0
outl_loglike[273]   3.69    0.01   1.32   1.37   3.57   3.97   4.21   4.63  12192    1.0
outl_loglike[274]    4.0  3.7e-3   0.47   2.79   3.84   4.08   4.28   4.68  16404    1.0
outl_loglike[275]   3.06  6.2e-3   0.72   1.31    2.9   3.21   3.45   3.89  13580    1.0
outl_loglike[276]   3.53    0.02   1.74   0.99   3.46   3.85   4.11   4.54  10595    1.0
outl_loglike[277]   3.55    0.01   1.42   1.16   3.44   3.83   4.08   4.51  11579    1.0
outl_loglike[278]   3.81  4.1e-3   0.66   2.11   3.59   3.97   4.21   4.63  25824    1.0
outl_loglike[279]   3.77  2.7e-3   0.49   2.63    3.5   3.83    4.1   4.57  32036    1.0
outl_loglike[280]   3.38    0.03   2.62  -0.98   3.45   3.91   4.16   4.59  10510    1.0
outl_loglike[281]   3.75  8.3e-3   0.98   1.54   3.59   3.98   4.22   4.65  14249    1.0
outl_loglike[282]   3.36    0.02   2.21   0.02   3.35   3.79   4.04   4.48  10274    1.0
outl_loglike[283]   3.35    0.02   2.13  -0.03   3.34   3.77   4.02   4.46  11234    1.0
outl_loglike[284]   3.85  6.2e-3   0.74   2.06   3.69   4.01   4.24   4.67  14275    1.0
outl_loglike[285]   3.88  5.1e-3   0.66   2.22   3.71   4.02   4.25   4.66  16417    1.0
outl_loglike[286]    3.8  7.0e-3   0.83   1.96   3.63   3.98   4.21   4.63  13858    1.0
outl_loglike[287]   3.87  5.7e-3    0.7   2.17    3.7   4.01   4.24   4.66  15487    1.0
outl_loglike[288]   3.72    0.01   1.23   1.52    3.6   3.96    4.2   4.62  12831    1.0
outl_loglike[289]   3.46    0.01   1.51   0.99   3.36   3.76    4.0   4.45  12138    1.0
outl_loglike[290]   3.53    0.01   1.43   1.11   3.43   3.82   4.06    4.5  13029    1.0
outl_loglike[291]   3.74  9.9e-3   1.13   1.55   3.61   3.97   4.21   4.63  12983    1.0
outl_loglike[292]   3.66  5.2e-3   0.87   1.44   3.39   3.89   4.18   4.63  28454    1.0
outl_loglike[293]   3.61    0.01   1.29   1.21   3.48   3.88   4.13   4.56  12729    1.0
outl_loglike[294]   3.04  6.8e-3   0.84   1.07   2.88   3.22   3.46   3.91  15159    1.0
outl_loglike[295]   3.73    0.01   1.16   1.44    3.6   3.98   4.22   4.64  11776    1.0
outl_loglike[296]   3.54    0.02    1.7   1.01   3.46   3.86    4.1   4.53  10375    1.0
outl_loglike[297]   3.95  3.4e-3   0.52    2.6   3.76   4.05   4.27   4.68  23283    1.0
outl_loglike[298]   3.51    0.02   1.51   0.93   3.42   3.81   4.06   4.49   9234    1.0
outl_loglike[299]   3.59    0.01   1.46   1.04    3.5   3.88   4.12   4.54   9634    1.0
outl_loglike[300]   3.35    0.03   2.32  -0.47   3.38   3.82   4.07   4.51   8519    1.0
outl_loglike[301]   3.85  5.7e-3   0.72   2.12   3.69    4.0   4.23   4.65  16021    1.0
outl_loglike[302]   3.72    0.01   1.25   1.46   3.59   3.97   4.21   4.63  11520    1.0
outl_loglike[303]    3.1  3.4e-3   0.69   1.55   2.71   3.17   3.59   4.24  42012    1.0
outl_loglike[304]   3.69    0.01   1.42   1.37   3.59   3.97   4.21   4.64  11445    1.0
outl_loglike[305]    3.9  2.0e-3   0.37   3.08   3.68   3.93   4.15   4.56  36676    1.0
outl_loglike[306]   3.96  4.3e-3   0.54    2.6   3.78   4.05   4.27   4.67  15251    1.0
outl_loglike[307]   4.14  2.4e-3   0.32   3.44   3.96   4.15   4.34   4.73  17732    1.0
outl_loglike[308]   3.68    0.01   1.33   1.22   3.57   3.97   4.22   4.65  12341    1.0
outl_loglike[309]   3.65  7.9e-3    1.1   1.04   3.45   3.93    4.2   4.64  19538    1.0
outl_loglike[310]   3.19  9.0e-3   1.43  -0.53   2.81   3.58   4.03   4.55  25105    1.0
outl_loglike[311]    3.6    0.01   1.55   0.55    3.5   3.95   4.21   4.65  11838    1.0
outl_loglike[312]   3.84  6.5e-3   0.79   2.01   3.67   4.01   4.24   4.66  14878    1.0
outl_loglike[313]   3.54    0.02   1.67   0.86   3.47   3.87   4.13   4.56  11277    1.0
outl_loglike[314]   3.68    0.01   1.35   1.36   3.58   3.96    4.2   4.62   9933    1.0
outl_loglike[315]   3.01  6.3e-3   0.73   1.29   2.84   3.15   3.38   3.83  13370    1.0
outl_loglike[316]   3.91  4.7e-3   0.61   2.36   3.74   4.03   4.26   4.66  16833    1.0
outl_loglike[317]   3.63  9.7e-3   1.26   0.91   3.46   3.94   4.21   4.63  17048    1.0
outl_loglike[318]   3.25  9.8e-3   1.11   1.06   3.11   3.47   3.72   4.16  12681    1.0
outl_loglike[319]   3.14  7.6e-3   0.86   1.17   2.98   3.31   3.56   4.01  13003    1.0
outl_loglike[320]   3.17  7.6e-3   0.85   1.24   3.01   3.35   3.59   4.04  12681    1.0
outl_loglike[321]   3.26  9.7e-3   1.13   1.04   3.13   3.49   3.74   4.18  13654    1.0
outl_loglike[322]   3.52    0.01   1.52   0.96   3.43   3.82   4.07    4.5  11399    1.0
outl_loglike[323]   3.83  7.0e-3   0.83   1.97   3.67   4.01   4.24   4.65  13997    1.0
outl_loglike[324]   3.58    0.02   1.62   0.78    3.5   3.91   4.16   4.58  10789    1.0
outl_loglike[325]   3.74  9.3e-3   1.09   1.63    3.6   3.96    4.2   4.62  13775    1.0
outl_loglike[326]   3.28    0.01   1.86  -1.55    3.1    3.8   4.13    4.6  17024    1.0
outl_loglike[327]   3.78  7.3e-3   0.94    1.7   3.62   3.99   4.23   4.65  16319    1.0
outl_loglike[328]   3.55    0.01   1.64   0.43   3.44   3.94    4.2   4.63  14116    1.0
outl_loglike[329]   4.09  2.6e-3   0.36   3.25   3.92   4.12   4.31    4.7  19507    1.0
outl_loglike[330]   3.81  7.8e-3   0.92   1.83   3.66    4.0   4.24   4.66  13946    1.0
outl_loglike[331]   3.93  2.8e-3   0.43   2.95    3.7   3.98   4.21   4.65  23376    1.0
outl_loglike[332]   3.87  6.0e-3   0.71   2.14    3.7   4.02   4.25   4.67  14187    1.0
outl_loglike[333]   3.78  3.2e-3   0.57   2.35    3.5   3.89   4.16   4.61  32968    1.0
outl_loglike[334]    3.5    0.02    1.9   0.63   3.46   3.87   4.12   4.55  10845    1.0
outl_loglike[335]   3.49    0.02   1.96   0.79   3.44   3.84   4.09   4.52  10919    1.0
outl_loglike[336]   3.42    0.01   1.35   1.01   3.31    3.7   3.95    4.4  11237    1.0
outl_loglike[337]   3.71    0.01   1.24   1.49   3.58   3.96    4.2   4.63  12572    1.0
outl_loglike[338]   3.51    0.01   1.27   1.13   3.39   3.78   4.02   4.45  11920    1.0
outl_loglike[339]   3.67    0.01   1.32   1.27   3.56   3.95   4.19   4.61  12495    1.0
outl_loglike[340]   3.43    0.01   1.75  -0.56   3.31   3.89   4.18   4.62  14062    1.0
outl_loglike[341]   3.34    0.02   1.75   0.38   3.28   3.69   3.94   4.39  10212    1.0
outl_loglike[342]   3.64    0.01   1.44   1.11   3.55   3.94   4.18   4.61  10576    1.0
outl_loglike[343]   3.38    0.01   1.56   0.77   3.29   3.68   3.93   4.36  12487    1.0
outl_loglike[344]   3.26    0.03   2.88  -3.08   3.39    3.9   4.17    4.6  11042    1.0
outl_loglike[345]   3.44  8.0e-3   1.23   0.39   3.14   3.79   4.13    4.6  23794    1.0
outl_loglike[346]    3.9  5.4e-3   0.66   2.27   3.73   4.03   4.25   4.66  15007    1.0
outl_loglike[347]   3.83  6.7e-3   0.82   1.99   3.67   4.01   4.24   4.65  15003    1.0
outl_loglike[348]   3.91  4.5e-3    0.6   2.38   3.73   4.03   4.26   4.67  17492    1.0
outl_loglike[349]   3.15    0.01   1.17    0.7   3.01    3.4   3.65    4.1  13431    1.0
outl_loglike[350]   3.73    0.01    1.2   1.52    3.6   3.97   4.21   4.63  13598    1.0
outl_loglike[351]   3.23    0.01   1.13   0.95    3.1   3.46   3.71   4.15  12523    1.0
outl_loglike[352]    3.0  4.8e-3   0.56   1.62   2.83   3.09   3.32   3.76  13485    1.0
outl_loglike[353]   3.38    0.01   1.36   0.92   3.27   3.65    3.9   4.33  11951    1.0
outl_loglike[354]   3.21  9.1e-3   0.96   1.13   3.07   3.41   3.65    4.1  11194    1.0
outl_loglike[355]   3.76  8.4e-3   1.02   1.62    3.6   3.99   4.23   4.65  14786    1.0
outl_loglike[356]   3.48    0.02   1.98  -0.23   3.42   3.92   4.19   4.63  14280    1.0
outl_loglike[357]   3.66    0.02   1.54   1.23   3.59   3.96    4.2   4.62  10457    1.0
outl_loglike[358]   2.97  5.6e-3   0.68    1.3   2.79    3.1   3.34   3.79  14705    1.0
outl_loglike[359]    3.8  4.3e-3   0.69   2.02   3.57   3.97   4.22   4.65  25723    1.0
outl_loglike[360]   3.92  5.0e-3   0.61   2.36   3.75   4.04   4.26   4.67  15322    1.0
outl_loglike[361]   3.69    0.01    1.3   1.41   3.57   3.95   4.19   4.61  12608    1.0
outl_loglike[362]   3.29    0.01   1.79   -1.2    3.1    3.8   4.13   4.59  17337    1.0
outl_loglike[363]   3.84  5.9e-3   0.76   1.99   3.66   4.01   4.24   4.66  16378    1.0
outl_loglike[364]   3.44    0.02   1.83    0.7   3.39    3.8   4.04   4.48   9834    1.0
outl_loglike[365]   3.63    0.01   1.35   0.89   3.49   3.95   4.21   4.64  13997    1.0
outl_loglike[366]   3.71  9.0e-3   1.16   1.42   3.57   3.96   4.21   4.64  16578    1.0
outl_loglike[367]    3.8  7.1e-3   0.88   1.84   3.63    4.0   4.23   4.65  15380    1.0
outl_loglike[368]    3.8  7.5e-3   0.89   1.83   3.64   3.99   4.23   4.65  14265    1.0
outl_loglike[369]   3.63    0.02   1.61   1.19   3.55   3.94   4.18    4.6   9372    1.0
outl_loglike[370]   3.48    0.01   1.53   0.94    3.4   3.79   4.04   4.47  10519    1.0
outl_loglike[371]   4.07  2.1e-3   0.32   3.38   3.87   4.08   4.28   4.68  23495    1.0
outl_loglike[372]   3.55    0.01   1.33   1.09   3.45   3.83   4.07   4.51  12115    1.0
outl_loglike[373]   3.37    0.02   2.26  -0.14   3.38   3.81   4.07    4.5  11106    1.0
outl_loglike[374]   3.39    0.01   1.46  -0.25   3.13    3.8   4.14    4.6  21037    1.0
outl_loglike[375]    3.5  2.7e-3   0.47   2.45   3.22   3.54   3.82   4.32  30368    1.0
outl_loglike[376]    3.2  7.6e-3   0.86   1.22   3.04   3.38   3.62   4.06  12859    1.0
outl_loglike[377]   3.99  3.7e-3   0.49   2.75   3.82   4.07   4.28   4.68  17653    1.0
outl_loglike[378]   3.75  9.4e-3   1.05   1.67    3.6   3.97   4.21   4.63  12533    1.0
outl_loglike[379]   4.15  2.2e-3   0.31   3.49   3.97   4.15   4.34   4.73  19262    1.0
outl_loglike[380]   3.29    0.01   1.22   0.89   3.17   3.55   3.79   4.23  11726    1.0
outl_loglike[381]   3.29  9.8e-3   1.04   1.23   3.14    3.5   3.74   4.19  11213    1.0
outl_loglike[382]   3.39    0.01    1.6   0.78   3.32    3.7   3.96    4.4  11558    1.0
outl_loglike[383]   3.77  9.1e-3   1.02   1.73   3.61   3.98   4.22   4.64  12720    1.0
outl_loglike[384]   3.25  9.1e-3   1.03    1.1    3.1   3.46   3.71   4.15  12812    1.0
outl_loglike[385]   3.49    0.02   1.75   0.78   3.44   3.83   4.07   4.51  10578    1.0
outl_loglike[386]   3.11  7.5e-3   1.33   -0.3   2.66   3.45   3.95   4.51  31175    1.0
outl_loglike[387]   3.73    0.01    1.2   1.51   3.61   3.98   4.22   4.64  11062    1.0
outl_loglike[388]   3.86  5.4e-3   0.76   2.12   3.69   4.01   4.24   4.66  19751    1.0
outl_loglike[389]   3.33    0.01   1.13   1.03   3.19   3.57   3.81   4.25  11545    1.0
outl_loglike[390]   3.45    0.01   1.47   0.03   3.24   3.85   4.15   4.61  19151    1.0
outl_loglike[391]   3.71    0.01    1.2   1.51   3.58   3.96    4.2   4.62  12452    1.0
outl_loglike[392]   3.79  8.7e-3   0.98   1.74   3.64    4.0   4.23   4.66  12703    1.0
outl_loglike[393]   3.67    0.01   1.29   1.33   3.56   3.94   4.18    4.6  11640    1.0
outl_loglike[394]   3.41    0.02   2.02   0.28   3.39   3.81   4.07   4.51  10729    1.0
outl_loglike[395]   3.75  5.4e-3    0.8   1.74   3.54   3.96   4.21   4.64  22021    1.0
outl_loglike[396]    3.3    0.01   1.24   0.87   3.19   3.57   3.82   4.25  10651    1.0
outl_loglike[397]   3.87  6.0e-3   0.71   2.16    3.7   4.02   4.25   4.66  13842    1.0
outl_loglike[398]   3.75  6.6e-3   0.92   1.57   3.58   3.97   4.22   4.65  19608    1.0
outl_loglike[399]    3.2    0.01   1.22   0.87   3.07   3.45   3.71   4.15  12601    1.0
outl_loglike[400]   3.43    0.02   2.38  -0.81   3.46   3.92   4.18   4.62   9409    1.0
outl_loglike[401]   3.74  8.2e-3   1.04   1.51   3.59   3.98   4.22   4.65  16331    1.0
outl_loglike[402]    3.9  3.8e-3   0.59   2.39   3.72   4.03   4.25   4.67  24530    1.0
outl_loglike[403]   3.64    0.01   1.42   1.18   3.54   3.93   4.17    4.6  11685    1.0
outl_loglike[404]   3.83  5.7e-3   0.75   1.97   3.66    4.0   4.24   4.66  17585    1.0
outl_loglike[405]   3.63    0.02   1.65   0.99   3.55   3.95    4.2   4.62  11910    1.0
outl_loglike[406]    3.7  5.3e-3   0.81   1.67   3.45   3.91   4.18   4.62  23530    1.0
outl_loglike[407]   3.73    0.01   1.22   1.57   3.61   3.97   4.22   4.64  11795    1.0
outl_loglike[408]   3.87  4.6e-3   0.68   2.16   3.68   4.01   4.25   4.67  21702    1.0
outl_loglike[409]   3.17  7.4e-3   0.83   1.25   3.01   3.34   3.58   4.02  12684    1.0
outl_loglike[410]   2.81  4.7e-3   0.65   1.12   2.62   2.94   3.18   3.65  19122    1.0
outl_loglike[411]   3.82  5.1e-3   0.76   1.95   3.63    4.0   4.23   4.66  22401    1.0
outl_loglike[412]   3.18  7.9e-3   0.87   1.21   3.03   3.36    3.6   4.05  12000    1.0
outl_loglike[413]   3.66  9.3e-3   1.17   1.05   3.49   3.94   4.21   4.64  15917    1.0
outl_loglike[414]   3.32  4.7e-3   0.91   1.05    2.9   3.51   3.95    4.5  37356    1.0
outl_loglike[415]   3.76  9.7e-3   1.07   1.69   3.62   3.98   4.22   4.64  12147    1.0
outl_loglike[416]   3.56    0.01    1.5   1.12   3.46   3.85    4.1   4.53  12614    1.0
outl_loglike[417]   3.79  7.9e-3   0.94   1.73   3.63   3.99   4.23   4.65  14255    1.0
outl_loglike[418]   3.34    0.01   1.24   0.96   3.23    3.6   3.84   4.29  12771    1.0
outl_loglike[419]   3.76  7.2e-3   0.99   1.61   3.61   3.98   4.22   4.64  18905    1.0
outl_loglike[420]   4.13  1.9e-3   0.31   3.45   3.95   4.14   4.32   4.69  25252    1.0
outl_loglike[421]   3.76  8.8e-3    1.0   1.72   3.61   3.97   4.21   4.64  12911    1.0
outl_loglike[422]   3.76  8.6e-3   1.01   1.72   3.62   3.97   4.21   4.63  14045    1.0
outl_loglike[423]   3.71    0.01   1.27   1.53   3.58   3.96    4.2   4.62  11565    1.0
outl_loglike[424]   3.53    0.01   1.43   1.06   3.43   3.81   4.05   4.48  10909    1.0
outl_loglike[425]   3.75  9.1e-3   1.11   1.56    3.6   3.99   4.23   4.65  15066    1.0
outl_loglike[426]   3.64    0.01   1.43   1.12   3.53   3.93   4.18   4.61  13155    1.0
outl_loglike[427]    3.5    0.02   1.76   0.77   3.44   3.84   4.09   4.52  10938    1.0
outl_loglike[428]   3.43    0.01   1.37   1.04   3.32    3.7   3.95   4.39  12028    1.0
outl_loglike[429]   3.26    0.02   1.87   0.09   3.21   3.64   3.89   4.34  10755    1.0
outl_loglike[430]   3.82  6.7e-3    0.8   2.02   3.65   3.99   4.22   4.65  14091    1.0
outl_loglike[431]    3.9  4.9e-3   0.63   2.33   3.73   4.03   4.25   4.66  16303    1.0
outl_loglike[432]    3.7    0.01    1.3   1.45   3.59   3.97    4.2   4.62  12968    1.0
outl_loglike[433]   3.51    0.01   1.26   1.19   3.38   3.77   4.02   4.46  11193    1.0
outl_loglike[434]   3.89  6.1e-3   0.69   2.26   3.72   4.03   4.25   4.67  12743    1.0
outl_loglike[435]   3.85  6.7e-3   0.77   2.08   3.69   4.01   4.24   4.66  13175    1.0
outl_loglike[436]   3.49    0.02   1.85  -0.21   3.42   3.93   4.19   4.63  14274    1.0
outl_loglike[437]    3.7    0.01   1.31   1.51   3.58   3.95   4.19   4.62  12396    1.0
outl_loglike[438]   4.02  2.8e-3   0.43   2.95   3.84   4.08   4.29   4.69  23330    1.0
outl_loglike[439]    3.7    0.01   1.25   1.49   3.57   3.95   4.19   4.62   9495    1.0
outl_loglike[440]   3.43    0.02    2.3   0.09   3.44   3.86   4.11   4.54   8988    1.0
outl_loglike[441]   3.79  7.9e-3   0.94   1.72   3.63   3.99   4.23   4.65  14259    1.0
outl_loglike[442]   3.72    0.01   1.22   1.48    3.6   3.97   4.21   4.64  10652    1.0
outl_loglike[443]   2.09  8.7e-3   1.48  -1.69   1.42   2.39   3.11   4.05  28987    1.0
outl_loglike[444]   3.45  4.1e-3   0.72    1.7   3.07   3.57   3.96    4.5  30465    1.0
outl_loglike[445]   3.73  9.4e-3    1.1   1.58   3.59   3.96   4.19   4.62  13819    1.0
outl_loglike[446]   3.83  6.7e-3   0.85   1.98   3.68    4.0   4.23   4.66  16111    1.0
outl_loglike[447]   3.87  6.1e-3   0.72   2.14    3.7   4.03   4.25   4.67  13930    1.0
outl_loglike[448]   3.35    0.02   1.67   0.55   3.28   3.68   3.93   4.38  10082    1.0
outl_loglike[449]   4.05  2.5e-3   0.39   3.12   3.88    4.1    4.3   4.69  23976    1.0
outl_loglike[450]   3.53    0.02   1.88  -0.05   3.48   3.94    4.2   4.63  11476    1.0
outl_loglike[451]   3.81  6.6e-3   0.86   1.92   3.65   3.99   4.22   4.65  16977    1.0
outl_loglike[452]    4.0  3.7e-3   0.48   2.79   3.83   4.08   4.29   4.69  16906    1.0
outl_loglike[453]   4.14  2.2e-3   0.31   3.48   3.96   4.15   4.34   4.72  19046    1.0
outl_loglike[454]   3.49  3.6e-3   0.74   1.68   3.13   3.64    4.0   4.51  43365    1.0
outl_loglike[455]   3.69    0.01   1.34   1.38   3.57   3.96    4.2   4.62  11943    1.0
outl_loglike[456]   4.11  2.6e-3   0.35   3.31   3.93   4.13   4.33   4.71  17099    1.0
outl_loglike[457]   3.39    0.02   2.37  -0.02   3.41   3.84    4.1   4.53   9119    1.0
outl_loglike[458]   4.19  2.0e-3   0.27    3.7   4.02   4.19   4.36   4.74  18594    1.0
outl_loglike[459]   3.37    0.02   1.95   0.16   3.34   3.76   4.02   4.44  10727    1.0
outl_loglike[460]   3.66    0.01   1.45   1.35   3.56   3.94   4.18   4.61  10438    1.0
outl_loglike[461]   3.89  5.3e-3   0.66   2.28   3.72   4.03   4.25   4.66  15433    1.0
outl_loglike[462]   3.05  6.3e-3   0.72   1.29   2.87   3.19   3.43   3.88  13004    1.0
outl_loglike[463]   3.71    0.01   1.23    1.4   3.58   3.96    4.2   4.63  11711    1.0
outl_loglike[464]   3.87  5.9e-3   0.73   2.17    3.7   4.02   4.25   4.67  15168    1.0
outl_loglike[465]   3.76  8.8e-3   1.07   1.57   3.62   3.99   4.23   4.66  14881    1.0
outl_loglike[466]   3.34    0.02   2.35  -1.82   3.33    3.9   4.19   4.63  12369    1.0
outl_loglike[467]   2.79  5.5e-3   0.82   0.71   2.59   2.98   3.24    3.7  21754    1.0
outl_loglike[468]   4.13  2.5e-3   0.32   3.42   3.96   4.15   4.34   4.72  16387    1.0
outl_loglike[469]   3.86  4.0e-3   0.63   2.18   3.66    4.0   4.24   4.66  25477    1.0
outl_loglike[470]    3.0    0.03    3.2  -6.21   3.15   3.84   4.16   4.62  11857    1.0
outl_loglike[471]   3.35    0.01   1.39   0.89   3.24   3.62   3.87   4.32  10767    1.0
outl_loglike[472]   3.05  6.9e-3   0.82    1.1   2.89   3.23   3.47   3.92  14004    1.0
outl_loglike[473]   3.93  4.8e-3   0.59   2.42   3.75   4.04   4.26   4.67  15198    1.0
outl_loglike[474]   3.61    0.02   1.85   0.86   3.55   3.96    4.2   4.63  10877    1.0
outl_loglike[475]   3.31    0.02    2.2  -0.19   3.31   3.75   4.01   4.45  10065    1.0
outl_loglike[476]   3.77  8.4e-3   1.02   1.63   3.61   3.99   4.23   4.66  14483    1.0
outl_loglike[477]   3.96  4.1e-3   0.53   2.63   3.79   4.06   4.27   4.67  16594    1.0
outl_loglike[478]   3.46    0.02   2.02   0.49   3.43   3.84   4.09   4.53  12048    1.0
outl_loglike[479]    3.2  9.5e-3   1.13   0.84   3.08   3.44    3.7   4.14  14125    1.0
outl_loglike[480]   3.12  5.8e-3   0.68   1.42   2.94   3.25   3.49   3.93  13741    1.0
outl_loglike[481]   2.72  6.0e-3   0.85   0.54   2.51   2.92   3.18   3.65  20103    1.0
outl_loglike[482]   3.33    0.02   1.56   0.57   3.24   3.65    3.9   4.35  10460    1.0
outl_loglike[483]   3.88  2.8e-3   0.52   2.57   3.64   3.97   4.22   4.64  33973    1.0
outl_loglike[484]    4.2  2.0e-3   0.27    3.7   4.02   4.19   4.37   4.75  17153    1.0
outl_loglike[485]   3.77  3.2e-3    0.6   2.27   3.51    3.9   4.17    4.6  34996    1.0
outl_loglike[486]   3.59    0.02   1.59   1.07    3.5   3.89   4.13   4.56  10991    1.0
outl_loglike[487]    3.6    0.02   1.64   0.83   3.53   3.94   4.19   4.61  10883    1.0
outl_loglike[488]   3.49    0.02   2.06  -0.16   3.47   3.94    4.2   4.63  11636    1.0
outl_loglike[489]   4.17  2.2e-3   0.29   3.59    4.0   4.17   4.36   4.73  17085    1.0
outl_loglike[490]    3.9  5.5e-3   0.65   2.31   3.74   4.04   4.26   4.67  14065    1.0
outl_loglike[491]   3.06  6.0e-3    0.7   1.34   2.89    3.2   3.43   3.88  13739    1.0
outl_loglike[492]   3.39    0.02   1.62   0.77   3.31    3.7   3.95   4.39  10082    1.0
outl_loglike[493]    3.4    0.01   1.47   0.97    3.3   3.69   3.93   4.37  11614    1.0
outl_loglike[494]   3.82  6.3e-3    0.8   1.87   3.65    4.0   4.24   4.65  15963    1.0
outl_loglike[495]   3.71    0.01    1.2   1.44   3.58   3.97   4.21   4.63  12434    1.0
outl_loglike[496]   3.91  4.5e-3   0.61   2.36   3.74   4.04   4.26   4.67  17767    1.0
outl_loglike[497]   3.46    0.02   1.68   0.63   3.39    3.8   4.05   4.48  10525    1.0
outl_loglike[498]   3.08    0.02    2.0  -0.69   3.07   3.51   3.77   4.22  10317    1.0
outl_loglike[499]    3.2    0.01   1.23   0.65   3.08   3.46   3.72   4.16  12483    1.0
outl_loglike[500]   3.52    0.02    1.8   0.64   3.46   3.88   4.13   4.57   9891    1.0
outl_loglike[501]   3.28  9.1e-3   1.02   1.12   3.13   3.49   3.74   4.18  12462    1.0
outl_loglike[502]   0.93    0.01   2.18  -4.68  -0.04   1.45   2.46   3.73  32245    1.0
outl_loglike[503]   3.96  3.9e-3   0.52   2.65   3.78   4.05   4.27   4.68  18364    1.0
outl_loglike[504]   3.94  3.7e-3   0.54   2.54   3.76   4.04   4.26   4.68  22189    1.0
outl_loglike[505]   3.95  4.2e-3   0.53   2.57   3.77   4.04   4.26   4.67  15894    1.0
outl_loglike[506]   3.26    0.01    1.3   0.73   3.14   3.53   3.78   4.22  12183    1.0
outl_loglike[507]   3.57    0.02   1.63   1.12   3.48   3.88   4.13   4.55  11276    1.0
outl_loglike[508]   3.86  4.0e-3   0.63   2.22   3.65    4.0   4.24   4.66  24822    1.0
outl_loglike[509]   3.62    0.01   1.37   1.25   3.51    3.9   4.14   4.57  12535    1.0
outl_loglike[510]    3.8  8.1e-3   0.96   1.84   3.64   3.99   4.23   4.65  14091    1.0
outl_loglike[511]   3.58    0.02   1.61   0.98   3.49    3.9   4.15   4.58  11219    1.0
outl_loglike[512]   3.38    0.01    1.5   0.78   3.28   3.68   3.93   4.37  11406    1.0
outl_loglike[513]   3.72    0.01   1.23    1.5   3.59   3.97   4.21   4.63  12294    1.0
outl_loglike[514]   3.26    0.01   1.15   1.01   3.12   3.49   3.74   4.19  12499    1.0
outl_loglike[515]   3.86  5.7e-3   0.74   2.07   3.69   4.02   4.25   4.65  16784    1.0
outl_loglike[516]   3.11  7.2e-3    0.8   1.23   2.95   3.27   3.52   3.96  12587    1.0
outl_loglike[517]   3.78  8.2e-3   0.94   1.78   3.63   3.98   4.22   4.64  13079    1.0
outl_loglike[518]   3.99  4.0e-3   0.49   2.75   3.82   4.07   4.27   4.67  14827    1.0
outl_loglike[519]   4.06  3.1e-3    0.4   3.07   3.89    4.1   4.31   4.71  16706    1.0
outl_loglike[520]   3.82  6.2e-3   0.81   1.87   3.65    4.0   4.24   4.66  17268    1.0
outl_loglike[521]   3.57    0.02    1.9   0.74   3.51   3.92   4.17    4.6  11437    1.0
outl_loglike[522]   3.25    0.01   1.65   0.37   3.17   3.59   3.84   4.29  12258    1.0
outl_loglike[523]   3.65    0.01   1.58   1.12   3.56   3.96   4.21   4.64  11553    1.0
outl_loglike[524]   4.09  2.9e-3   0.37   3.21   3.91   4.12   4.31    4.7  16694    1.0
outl_loglike[525]   3.81  7.7e-3   0.88   1.86   3.65    4.0   4.23   4.65  12862    1.0
outl_loglike[526]   3.43    0.02   1.57   0.91   3.34   3.74   3.99   4.43  10630    1.0
outl_loglike[527]   3.21    0.02   1.67   0.26   3.15   3.56   3.81   4.25  12115    1.0
outl_loglike[528]   3.55    0.02   1.64   0.97   3.48   3.87   4.12   4.54   9324    1.0
outl_loglike[529]   3.26    0.01   1.45   0.49   3.17   3.58   3.83   4.27  10706    1.0
outl_loglike[530]   3.49    0.01   1.34   0.98   3.38   3.77   4.02   4.46  12239    1.0
outl_loglike[531]   3.23    0.01   1.47   0.51   3.13   3.53   3.79   4.24  12250    1.0
outl_loglike[532]   3.28  9.7e-3   1.09   1.05   3.15   3.51   3.75   4.19  12635    1.0
outl_loglike[533]   3.87  6.3e-3   0.73   2.16    3.7   4.02   4.25   4.67  13135    1.0
outl_loglike[534]    3.9  5.0e-3   0.63   2.29   3.73   4.03   4.26   4.67  15446    1.0
outl_loglike[535]    2.3  5.1e-3   0.89   0.03   1.94   2.52   2.88   3.41  30108    1.0
outl_loglike[536]   3.59    0.02   1.81   0.81   3.54   3.95    4.2   4.63  10538    1.0
outl_loglike[537]   3.71    0.01   1.27   1.43    3.6   3.97    4.2   4.63  11079    1.0
outl_loglike[538]   3.78  7.4e-3   0.93   1.67   3.61   3.99   4.23   4.65  15894    1.0
outl_loglike[539]   3.42    0.02   2.29   0.16   3.43   3.86   4.11   4.55  10247    1.0
outl_loglike[540]    3.7  9.7e-3   1.18   1.57   3.57   3.93   4.17   4.59  14810    1.0
outl_loglike[541]   3.71    0.01   1.23   1.47   3.58   3.96   4.21   4.62  12329    1.0
outl_loglike[542]   3.07  6.5e-3   0.71   1.36    2.9   3.21   3.45   3.89  11683    1.0
outl_loglike[543]   2.12  7.8e-3   1.39  -1.41   1.48   2.38   3.06   4.01  31879    1.0
outl_loglike[544]    3.9  5.4e-3   0.64   2.27   3.72   4.03   4.25   4.67  13960    1.0
outl_loglike[545]   3.08    0.01    1.4   0.31   2.98   3.38   3.64   4.09  13754    1.0
outl_loglike[546]   3.63    0.01   1.52    1.0   3.54   3.94   4.19   4.61  11831    1.0
outl_loglike[547]    3.6    0.02   1.54   1.03   3.51   3.91   4.15   4.58  10028    1.0
outl_loglike[548]   3.49  6.8e-3    1.1   0.73   3.19    3.8   4.13    4.6  26286    1.0
outl_loglike[549]    3.9  3.0e-3   0.51   2.64   3.66   3.99   4.22   4.66  28477    1.0
outl_loglike[550]   3.58    0.02   1.67   0.65   3.51   3.93   4.18   4.61  11168    1.0
outl_loglike[551]    3.6    0.02   1.52   1.08   3.51    3.9   4.15   4.57   9943    1.0
outl_loglike[552]   3.57    0.02   1.59   0.93    3.5   3.89   4.13   4.56   9640    1.0
outl_loglike[553]   3.72    0.01   1.25   1.37    3.6   3.98   4.22   4.65  13380    1.0
outl_loglike[554]   3.73    0.01   1.17   1.55    3.6   3.97   4.22   4.64  12663    1.0
outl_loglike[555]   3.61    0.02   1.58   1.18   3.52   3.91   4.15   4.59  10868    1.0
outl_loglike[556]   3.07  8.3e-3   0.96   0.92   2.92   3.28   3.53   3.98  13444    1.0
outl_loglike[557]   3.63    0.01   1.51   0.83   3.53   3.96   4.21   4.64  13074    1.0
outl_loglike[558]   3.53    0.01   1.49   1.14   3.43   3.81   4.05   4.48  10331    1.0
outl_loglike[559]   4.21  1.9e-3   0.26   3.73   4.04    4.2   4.38   4.75  18270    1.0
outl_loglike[560]   3.68    0.01   1.24   1.48   3.56   3.93   4.17    4.6  12245    1.0
outl_loglike[561]   3.79  4.5e-3   0.73   1.91   3.57   3.96   4.21   4.64  25742    1.0
outl_loglike[562]   3.42    0.02   2.41  -0.11   3.44   3.88   4.14   4.57   9485    1.0
outl_loglike[563]   3.79  8.3e-3   0.94   1.72   3.63    4.0   4.24   4.66  12754    1.0
outl_loglike[564]    3.6    0.01   1.62   0.96   3.51   3.92   4.17   4.59  12273    1.0
outl_loglike[565]   3.82  7.5e-3   0.86    1.9   3.66    4.0   4.24   4.66  13160    1.0
outl_loglike[566]    3.3    0.01   1.08   1.08   3.17   3.53   3.77   4.21  11107    1.0
outl_loglike[567]   3.21    0.01   1.53    0.2   3.12   3.54    3.8   4.24  12559    1.0
outl_loglike[568]   3.75  9.9e-3   1.08   1.63   3.62   3.98   4.22   4.65  12033    1.0
outl_loglike[569]   3.71    0.01   1.21   1.42   3.59   3.95   4.19   4.62  13637    1.0
outl_loglike[570]   3.94  4.3e-3   0.56   2.49   3.76   4.05   4.27   4.68  17223    1.0
outl_loglike[571]   3.09  6.4e-3   0.71   1.33   2.92   3.24   3.47   3.91  12270    1.0
outl_loglike[572]   3.74  9.2e-3    1.1   1.45    3.6   3.98   4.23   4.65  14456    1.0
outl_loglike[573]   3.11  8.5e-3   0.96   0.92   2.97   3.31   3.56    4.0  12677    1.0
outl_loglike[574]   3.67    0.01   1.54   1.19   3.59   3.97   4.21   4.64  11446    1.0
outl_loglike[575]    3.6    0.01   1.45   1.18    3.5   3.89   4.13   4.56  11546    1.0
outl_loglike[576]   3.52    0.02   1.86   0.73   3.46   3.87   4.12   4.55  11161    1.0
outl_loglike[577]   3.32    0.01   1.26   0.92   3.21   3.58   3.83   4.27  12480    1.0
outl_loglike[578]    4.1  2.7e-3   0.36   3.26   3.92   4.13   4.32   4.72  17705    1.0
outl_loglike[579]   3.79  8.5e-3   0.95   1.79   3.63   3.99   4.22   4.65  12427    1.0
outl_loglike[580]   4.02  3.6e-3   0.46   2.86   3.85   4.09   4.29   4.69  16369    1.0
outl_loglike[581]   4.06  2.7e-3   0.39   3.12   3.88    4.1    4.3   4.69  21596    1.0
outl_loglike[582]    3.4    0.02   1.78    0.5   3.36   3.75    4.0   4.44  10648    1.0
outl_loglike[583]   3.56    0.02   1.79   0.63   3.49   3.92   4.18   4.61  11170    1.0
outl_loglike[584]   3.82  3.1e-3   0.53   2.54   3.56   3.91   4.17   4.62  29204    1.0
outl_loglike[585]   3.29  2.9e-3   0.57   2.03   2.95   3.33   3.68   4.28  38890    1.0
outl_loglike[586]    3.4    0.02   1.62   0.61   3.33   3.72   3.97   4.41  10884    1.0
outl_loglike[587]   3.28    0.01   1.14   1.08   3.14   3.51   3.75    4.2  10989    1.0
outl_loglike[588]   3.92  5.0e-3   0.61   2.39   3.74   4.04   4.26   4.67  15270    1.0
outl_loglike[589]   3.25  3.7e-3   0.65    1.8   2.86   3.31    3.7   4.32  31023    1.0
outl_loglike[590]   3.14  8.0e-3   0.99   1.01   2.99   3.35    3.6   4.05  15114    1.0
outl_loglike[591]   3.61    0.01   1.47    1.1   3.51   3.91   4.15   4.58  11434    1.0
outl_loglike[592]   3.74  9.3e-3   1.11   1.51   3.61   3.98   4.22   4.65  14336    1.0
outl_loglike[593]   3.51    0.01    1.5   1.06    3.4    3.8   4.04   4.47  10851    1.0
outl_loglike[594]   3.71    0.01   1.32   1.48   3.59   3.97   4.21   4.63  10982    1.0
outl_loglike[595]    3.1  6.2e-3    0.7   1.38   2.93   3.24   3.48   3.92  12793    1.0
outl_loglike[596]   3.67    0.01   1.33   1.09   3.55   3.97   4.22   4.64  14532    1.0
outl_loglike[597]   3.94  4.6e-3   0.55   2.55   3.77   4.04   4.26   4.66  14284    1.0
outl_loglike[598]   2.08    0.04   4.79 -13.38   2.54   3.65   4.09   4.57  14798    1.0
outl_loglike[599]   3.07    0.04   3.68   -5.4   3.34   3.86   4.12   4.57   8862    1.0
outl_loglike[600]  -6.62    0.02   2.54 -12.42   -8.1  -6.34  -4.84  -2.41  13451    1.0
outl_loglike[601]   3.66    0.01   1.27   1.37   3.54   3.92   4.16   4.58  11607    1.0
outl_loglike[602]   3.09  7.5e-3   0.85   1.19   2.93   3.25    3.5   3.94  12689    1.0
outl_loglike[603]   3.49    0.02   2.18   0.03   3.49   3.93   4.19   4.62  12531    1.0
outl_loglike[604]   3.67    0.01   1.23   1.41   3.54   3.93   4.17    4.6  10724    1.0
outl_loglike[605]   3.74  9.9e-3   1.15   1.61    3.6   3.98   4.22   4.64  13571    1.0
outl_loglike[606]   3.87  5.8e-3   0.71   2.12    3.7   4.02   4.25   4.67  14754    1.0
outl_loglike[607]   3.69    0.01   1.24   1.23   3.55   3.97   4.21   4.64  13604    1.0
outl_loglike[608]    3.1  5.9e-3   0.67    1.4   2.92   3.23   3.47   3.91  12938    1.0
outl_loglike[609]   3.55    0.01    1.3   1.18   3.43   3.81   4.06    4.5  12303    1.0
outl_loglike[610]   3.84  5.6e-3   0.76   2.04   3.68    4.0   4.23   4.66  18784    1.0
outl_loglike[611]    3.8  7.9e-3   0.91   1.86   3.65   3.99   4.23   4.64  13291    1.0
outl_loglike[612]    4.0  2.6e-3   0.43   2.93   3.82   4.07   4.27   4.68  26676    1.0
outl_loglike[613]   2.87    0.01   1.34  -0.29   2.74    3.2   3.47   3.93  15937    1.0
outl_loglike[614]   3.97  4.3e-3   0.52   2.65    3.8   4.06   4.27   4.69  14207    1.0
outl_loglike[615]   4.15  2.3e-3   0.31    3.5   3.97   4.16   4.34   4.73  17732    1.0
outl_loglike[616]   3.21  8.8e-3   0.99   1.05   3.06   3.42   3.67   4.11  12616    1.0
outl_loglike[617]   3.93  4.6e-3   0.58   2.44   3.76   4.05   4.27   4.68  15812    1.0
outl_loglike[618]   3.81  7.5e-3   0.93   1.83   3.65    4.0   4.24   4.66  15455    1.0
outl_loglike[619]   3.66    0.01   1.48   1.24   3.57   3.95   4.19   4.61  11693    1.0
outl_loglike[620]   3.13  9.0e-3   1.03   0.89   2.98   3.35    3.6   4.05  13135    1.0
outl_loglike[621]   3.57    0.02   1.85   0.87   3.51   3.92   4.17    4.6  10696    1.0
outl_loglike[622]   3.41    0.02   1.98   0.39   3.37   3.79   4.04   4.48  10480    1.0
outl_loglike[623]   3.55  3.6e-3   0.58   2.25   3.21   3.61   3.95    4.5  26087    1.0
outl_loglike[624]   3.19  9.4e-3   1.03   0.97   3.05   3.41   3.65    4.1  12050    1.0
outl_loglike[625]   3.63    0.01   1.54   1.27   3.54   3.92   4.17    4.6  11519    1.0
outl_loglike[626]   3.78  7.9e-3   0.93   1.81   3.62   3.98   4.22   4.64  14053    1.0
outl_loglike[627]   3.47    0.02   2.04    0.5   3.45   3.86   4.11   4.54  10721    1.0
outl_loglike[628]   4.04  3.2e-3   0.42   3.01   3.87   4.09   4.29    4.7  17191    1.0
outl_loglike[629]   3.31    0.01   1.14   0.99   3.18   3.55   3.79   4.24  12417    1.0
outl_loglike[630]   3.71    0.01   1.32   1.42    3.6   3.98   4.22   4.64  11065    1.0
outl_loglike[631]   3.72  8.3e-3   1.06   1.44   3.56   3.97   4.22   4.65  16424    1.0
outl_loglike[632]   3.57    0.02   1.83   0.74   3.52   3.93   4.17   4.61  10408    1.0
outl_loglike[633]   2.92  7.8e-3   1.05   0.43   2.76   3.17   3.43   3.89  17951    1.0
outl_loglike[634]   3.29    0.01   1.29   0.75   3.18   3.57   3.82   4.26  11064    1.0
outl_loglike[635]   3.17  7.8e-3   0.87   1.17   3.02   3.35    3.6   4.05  12278    1.0
outl_loglike[636]   3.42    0.02   2.27   0.12   3.44   3.86   4.11   4.55  10638    1.0
outl_loglike[637]   3.46    0.02   2.23   -0.2   3.47   3.92   4.17    4.6   9410    1.0
outl_loglike[638]   2.63    0.03   3.27  -7.64   2.67   3.65   4.08   4.56  15130    1.0
outl_loglike[639]   3.45    0.02   1.66   0.77   3.38   3.78   4.03   4.46  10222    1.0
outl_loglike[640]   3.97  3.3e-3    0.5    2.7   3.79   4.06   4.27   4.68  23242    1.0
outl_loglike[641]   3.73    0.01   1.19   1.52    3.6   3.97   4.21   4.63  12208    1.0
outl_loglike[642]   3.64    0.02   1.51   1.18   3.54   3.93   4.18    4.6   9647    1.0
outl_loglike[643]   3.64  5.3e-3   0.86    1.5   3.35   3.86   4.17   4.63  25744    1.0
outl_loglike[644]   3.92  2.4e-3   0.41   2.97   3.69   3.96    4.2   4.63  28963    1.0
outl_loglike[645]   3.83  5.9e-3   0.75   2.08   3.67   3.99   4.22   4.64  16316    1.0
outl_loglike[646]   3.33    0.01   1.49   0.69   3.25   3.63   3.88   4.32  11180    1.0
outl_loglike[647]   3.73    0.01   1.23   1.53    3.6   3.97   4.21   4.63  11991    1.0
outl_loglike[648]   3.64    0.01   1.47   0.88   3.54   3.97   4.22   4.65  11785    1.0
outl_loglike[649]   3.27  7.0e-3   1.21    0.2   2.87    3.6   4.03   4.54  29735    1.0
outl_loglike[650]   3.96  4.6e-3   0.53   2.59   3.79   4.06   4.27   4.68  13742    1.0
outl_loglike[651]   3.79  8.0e-3   0.91   1.77   3.64   3.99   4.22   4.64  12905    1.0
outl_loglike[652]   3.52    0.01   1.53   0.96   3.43   3.82   4.07   4.51  12718    1.0
outl_loglike[653]   3.63    0.02   1.64   1.25   3.54   3.94   4.18   4.61  11832    1.0
outl_loglike[654]   2.91    0.01   1.31  -0.14   2.78   3.22   3.49   3.94  16093    1.0
outl_loglike[655]   3.98  4.2e-3   0.51   2.68   3.81   4.07   4.28   4.69  14548    1.0
outl_loglike[656]   3.77  9.4e-3   1.08   1.67   3.62   3.99   4.23   4.65  13215    1.0
outl_loglike[657]   4.19  2.2e-3   0.28   3.64   4.01   4.18   4.36   4.74  15812    1.0
outl_loglike[658]   3.06  9.9e-3   1.17   0.45   2.93   3.33   3.59   4.03  13752    1.0
outl_loglike[659]   3.28    0.01   1.48   0.58    3.2   3.59   3.85   4.29  11575    1.0
outl_loglike[660]   3.82  7.2e-3   0.85   1.97   3.66    4.0   4.24   4.65  13986    1.0
outl_loglike[661]   3.85  6.4e-3   0.76   2.05   3.68   4.02   4.25   4.67  14401    1.0
outl_loglike[662]   3.55    0.02   1.54   1.06   3.46   3.85    4.1   4.53   9609    1.0
outl_loglike[663]   3.98  4.2e-3   0.51   2.68   3.81   4.07   4.28   4.69  14699    1.0
outl_loglike[664]   3.97  2.9e-3   0.45   2.82   3.76   4.04   4.26   4.67  23777    1.0
outl_loglike[665]    3.5    0.02   1.75   0.82   3.43   3.83   4.08   4.51  10621    1.0
outl_loglike[666]   3.33    0.03   2.66  -0.92   3.41   3.85   4.11   4.54  10092    1.0
outl_loglike[667]   3.57    0.01   1.75   0.49    3.5   3.94   4.19   4.62  15077    1.0
outl_loglike[668]   3.54    0.02   1.61   1.05   3.47   3.85    4.1   4.53  11225    1.0
outl_loglike[669]   3.89  5.4e-3   0.65   2.25   3.72   4.03   4.25   4.67  14106    1.0
outl_loglike[670]   4.12  2.4e-3   0.33   3.38   3.95   4.14   4.33   4.72  18987    1.0
outl_loglike[671]    3.6    0.02   1.66   1.05   3.53   3.91   4.15   4.58  11511    1.0
outl_loglike[672]    3.8  8.2e-3   0.91   1.83   3.65    4.0   4.23   4.64  12382    1.0
outl_loglike[673]    3.9  4.3e-3   0.59   2.39   3.72   4.02   4.24   4.66  18696    1.0
outl_loglike[674]   3.92  4.1e-3   0.58   2.41   3.74   4.03   4.26   4.67  20322    1.0
outl_loglike[675]   3.43    0.02   2.06   0.42   3.42   3.82   4.07    4.5   8508    1.0
outl_loglike[676]   3.74    0.01   1.17    1.6   3.61   3.97   4.21   4.64  11127    1.0
outl_loglike[677]    3.5    0.02   1.59   0.94   3.42   3.81   4.05   4.49  10238    1.0
outl_loglike[678]   3.71    0.01   1.23   1.48   3.58   3.96   4.21   4.62  12769    1.0
outl_loglike[679]   3.26    0.01   1.24   0.87   3.14   3.52   3.77   4.22  12939    1.0
outl_loglike[680]   4.06  2.0e-3   0.33   3.35   3.87   4.08   4.27   4.68  27282    1.0
outl_loglike[681]   3.95  4.6e-3   0.56   2.52   3.77   4.05   4.27   4.68  14560    1.0
outl_loglike[682]   3.03    0.03   3.04  -3.99    3.2    3.7   3.97   4.41   8646    1.0
outl_loglike[683]   3.89  5.3e-3   0.67   2.28   3.72   4.03   4.26   4.67  16055    1.0
outl_loglike[684]    3.3    0.01   1.16   1.03   3.17   3.54   3.79   4.23  13319    1.0
outl_loglike[685]   3.45    0.01   1.57   0.89   3.36   3.75    4.0   4.44  12183    1.0
outl_loglike[686]   3.37    0.03   2.49  -0.44   3.41   3.85    4.1   4.54   9689    1.0
outl_loglike[687]   3.76    0.01   1.13   1.68   3.62   3.99   4.23   4.64  12484    1.0
outl_loglike[688]   3.85  5.7e-3    0.7   2.17   3.68   3.99   4.22   4.63  15032    1.0
outl_loglike[689]   3.49    0.02   1.66   0.89   3.41   3.82   4.07    4.5  12228    1.0
outl_loglike[690]   3.53    0.02   1.95   0.23   3.49   3.94    4.2   4.62  11467    1.0
outl_loglike[691]   3.67  3.7e-3    0.7    1.9   3.36   3.83   4.14    4.6  35124    1.0
outl_loglike[692]   3.64  2.8e-3   0.57   2.28   3.34   3.73   4.04   4.53  40995    1.0
outl_loglike[693]   2.15    0.01   2.12  -3.76   1.54   2.72   3.51   4.34  24815    1.0
outl_loglike[694]   2.86  3.6e-3   0.44   1.77   2.67   2.91   3.13   3.56  15542    1.0
outl_loglike[695]   3.46    0.02   2.22   0.02   3.45    3.9   4.16   4.58  10157    1.0
outl_loglike[696]   3.64    0.01   1.44   1.23   3.53   3.92   4.17    4.6  10763    1.0
outl_loglike[697]   3.83  6.5e-3    0.8   1.93   3.66    4.0   4.23   4.66  15092    1.0
outl_loglike[698]   3.38    0.01   1.51   0.78   3.29   3.68   3.93   4.37  10570    1.0
outl_loglike[699]   3.95  4.6e-3   0.55   2.54   3.79   4.05   4.27   4.68  14304    1.0
outl_loglike[700]   3.93  2.1e-3   0.39   3.05   3.72   3.97   4.19   4.61  35703    1.0
outl_loglike[701]   2.95    0.01   1.52  -0.54   2.86   3.31   3.58   4.03  13037    1.0
outl_loglike[702]   3.62    0.01   1.31   1.16    3.5    3.9   4.14   4.57  10937    1.0
outl_loglike[703]   3.79  8.9e-3   0.97   1.73   3.64    4.0   4.23   4.65  12006    1.0
outl_loglike[704]    4.1  2.2e-3   0.33   3.36   3.92   4.12   4.31    4.7  23713    1.0
outl_loglike[705]   3.77  7.3e-3   0.94   1.72   3.61   3.98   4.21   4.63  16713    1.0
outl_loglike[706]    3.9  4.5e-3   0.62   2.28   3.72   4.03   4.25   4.66  19048    1.0
outl_loglike[707]   3.81  7.2e-3   0.89   1.88   3.66    4.0   4.23   4.66  15345    1.0
outl_loglike[708]   2.08  5.4e-3   0.97  -0.18   1.54    2.2   2.76    3.6  32871    1.0
outl_loglike[709]   3.81  8.1e-3   0.93   1.89   3.66    4.0   4.23   4.65  13401    1.0
outl_loglike[710]    3.6    0.01   1.38   0.73   3.45   3.93    4.2   4.64  13882    1.0
outl_loglike[711]   3.97  3.0e-3   0.48   2.74   3.78   4.05   4.27   4.67  25780    1.0
outl_loglike[712]   2.73  7.9e-3   1.32  -0.74   2.16   3.01   3.63   4.38  27848    1.0
outl_loglike[713]   4.05  3.1e-3   0.42   3.02   3.87    4.1    4.3   4.69  18040    1.0
outl_loglike[714]   3.96  3.9e-3   0.53   2.63   3.78   4.05   4.27   4.68  18907    1.0
outl_loglike[715]   3.67  7.3e-3   1.08   1.14   3.48   3.95   4.21   4.65  21599    1.0
outl_loglike[716]   3.62  4.5e-3   0.77   1.63   3.32   3.82   4.12   4.57  29466    1.0
outl_loglike[717]   4.16  2.3e-3    0.3    3.5   3.98   4.16   4.34   4.73  17840    1.0
outl_loglike[718]   3.85  3.5e-3    0.6    2.3   3.63   3.98   4.22   4.65  29437    1.0
outl_loglike[719]   1.58    0.02   3.04   -7.2   0.89   2.57   3.49   4.36  22220    1.0
outl_loglike[720]   3.37  8.8e-3   1.39  -0.16   3.08   3.77   4.12   4.58  24655    1.0
outl_loglike[721]   4.08  2.9e-3   0.37   3.19   3.91   4.11   4.31    4.7  17060    1.0
outl_loglike[722]   3.64  3.5e-3   0.67   1.96   3.33   3.78   4.09   4.56  37287    1.0
outl_loglike[723]   4.06  2.9e-3    0.4   3.08   3.89   4.11   4.31   4.71  19462    1.0
outl_loglike[724]   3.89  4.2e-3   0.62   2.32   3.69   4.02   4.25   4.66  21880    1.0
outl_loglike[725]    4.1  2.6e-3   0.36   3.27   3.92   4.12   4.32   4.71  19018    1.0
outl_loglike[726]   3.94  4.5e-3   0.55   2.52   3.76   4.04   4.26   4.67  15078    1.0
outl_loglike[727]   3.74  3.0e-3   0.59   2.28   3.45   3.86   4.13   4.59  38426    1.0
outl_loglike[728]   3.59  3.4e-3   0.67   1.94   3.25   3.72   4.06   4.55  38413    1.0
outl_loglike[729]   3.85  6.0e-3   0.71   2.17   3.67   3.99   4.22   4.64  14110    1.0
outl_loglike[730]   3.96  3.5e-3   0.51   2.68   3.76   4.05   4.27   4.68  21424    1.0
outl_loglike[731]   3.91  3.0e-3   0.52   2.58    3.7   4.01   4.24   4.66  29529    1.0
outl_loglike[732]   4.13  2.5e-3   0.32   3.41   3.95   4.14   4.33   4.72  16501    1.0
outl_loglike[733]   4.06  3.1e-3   0.39   3.12   3.89    4.1    4.3   4.69  15718    1.0
outl_loglike[734]   3.41  3.7e-3   0.75   1.64   3.03   3.55   3.94   4.49  40048    1.0
outl_loglike[735]    3.7  3.6e-3   0.68   1.95   3.41   3.86   4.15    4.6  36320    1.0
outl_loglike[736]    4.1  2.8e-3   0.36   3.24   3.92   4.12   4.32   4.71  16569    1.0
outl_loglike[737]   4.16  2.3e-3   0.29   3.55   3.99   4.17   4.35   4.73  16349    1.0
outl_loglike[738]   3.94  3.3e-3   0.51   2.65   3.75   4.03   4.25   4.67  23015    1.0
outl_loglike[739]    2.3  7.8e-3   1.42  -1.36   1.68   2.59   3.27   4.15  33112    1.0
outl_loglike[740]   3.98  3.7e-3    0.5   2.72    3.8   4.06   4.28   4.68  18491    1.0
outl_loglike[741]   4.01  3.6e-3   0.46   2.84   3.84   4.08   4.28   4.69  17102    1.0
outl_loglike[742]   4.02  3.0e-3   0.43   2.92   3.84   4.08   4.28   4.69  20713    1.0
outl_loglike[743]   3.38  5.0e-3   0.93   1.09   2.97    3.6   4.01   4.53  34349    1.0
outl_loglike[744]   4.03  3.0e-3   0.43   2.96   3.85   4.09   4.29    4.7  20402    1.0
outl_loglike[745]    2.8  7.6e-3   1.11   0.09   2.24   2.99   3.57   4.37  21645    1.0
outl_loglike[746]   3.85  4.1e-3   0.62   2.24   3.64   3.98   4.22   4.64  23399    1.0
outl_loglike[747]   4.11  2.7e-3   0.35   3.32   3.94   4.13   4.32   4.72  16419    1.0
outl_loglike[748]   3.78  3.5e-3   0.64   2.14   3.51   3.92   4.19   4.62  33467    1.0
outl_loglike[749]   3.85  3.0e-3   0.55   2.45   3.62   3.96    4.2   4.63  34470    1.0
outl_loglike[750]   3.81  2.8e-3   0.51   2.58   3.55    3.9   4.16    4.6  33142    1.0
outl_loglike[751]   3.99  3.5e-3   0.49   2.75   3.81   4.07   4.28   4.68  20249    1.0
outl_loglike[752]   3.98  3.3e-3   0.48   2.72    3.8   4.06   4.27   4.68  21888    1.0
outl_loglike[753]   4.07  2.9e-3   0.39   3.12    3.9   4.11   4.31    4.7  17728    1.0
outl_loglike[754]   3.12  4.2e-3    0.9   0.94   2.67   3.28   3.75   4.37  46059    1.0
outl_loglike[755]   3.99  3.7e-3   0.49   2.74   3.81   4.07   4.28   4.69  18050    1.0
outl_loglike[756]   3.92  4.4e-3   0.57   2.45   3.75   4.03   4.26   4.67  16875    1.0
outl_loglike[757]    2.3  9.9e-3   1.78  -2.67   1.68   2.73   3.46    4.3  32140    1.0
outl_loglike[758]   4.09  2.5e-3   0.36   3.24   3.91   4.12   4.32   4.71  20666    1.0
outl_loglike[759]   4.17  2.3e-3   0.29   3.58    4.0   4.17   4.35   4.74  16255    1.0
outl_loglike[760]    4.0  3.6e-3   0.48   2.77   3.83   4.07   4.28   4.69  17309    1.0
outl_loglike[761]   4.17  2.2e-3   0.29   3.57   3.99   4.17   4.35   4.73  17286    1.0
outl_loglike[762]    4.1  2.3e-3   0.35   3.31   3.92   4.12   4.32   4.71  21999    1.0
outl_loglike[763]   4.07  3.2e-3   0.39   3.11    3.9   4.11   4.31   4.71  14893    1.0
outl_loglike[764]   4.07  2.7e-3   0.38   3.15    3.9   4.11   4.31    4.7  19069    1.0
outl_loglike[765]   4.05  3.2e-3   0.41   3.03   3.88    4.1    4.3    4.7  16626    1.0
outl_loglike[766]   3.71  3.4e-3   0.62   2.18   3.41   3.83   4.12   4.59  34013    1.0
outl_loglike[767]   4.08  3.0e-3   0.37   3.19   3.91   4.11   4.31    4.7  15632    1.0
outl_loglike[768]   3.44  4.3e-3   0.85   1.37   3.04   3.62   4.02   4.53  38955    1.0
outl_loglike[769]   4.03  3.5e-3   0.44   2.94   3.86   4.09   4.29   4.69  16226    1.0
outl_loglike[770]  -0.62    0.02   2.71  -7.04   -2.2  -0.08    1.4   3.18  27515    1.0
outl_loglike[771]   3.36  3.7e-3   0.79   1.43   2.97   3.51   3.91   4.46  44206    1.0
outl_loglike[772]   3.88  4.2e-3   0.62   2.25   3.68   4.01   4.24   4.68  22080    1.0
outl_loglike[773]   3.57  4.8e-3   0.86   1.38   3.24   3.79   4.12   4.59  32396    1.0
outl_loglike[774]   3.37  7.7e-3   1.17   0.41   3.01   3.69   4.09   4.59  22856    1.0
outl_loglike[775]   0.94    0.01   1.86  -3.76   0.04   1.33   2.25   3.48  23703    1.0
outl_loglike[776]   3.91  3.7e-3   0.56   2.47   3.71   4.02   4.25   4.67  23160    1.0
outl_loglike[777]   3.95  3.3e-3    0.5   2.68   3.75   4.04   4.26   4.67  22287    1.0
outl_loglike[778]   3.04  4.9e-3   0.88   0.97   2.57   3.17   3.66   4.35  31702    1.0
outl_loglike[779]   4.05  3.2e-3    0.4   3.07   3.88    4.1    4.3   4.69  16151    1.0
outl_loglike[780]   3.88  3.1e-3   0.55   2.47   3.66   3.99   4.23   4.65  31256    1.0
outl_loglike[781]    3.8  3.4e-3   0.59   2.32   3.53   3.92   4.19   4.63  30027    1.0
outl_loglike[782]   2.97  4.5e-3   0.92    0.8   2.49   3.11   3.62   4.32  41700    1.0
outl_loglike[783]    3.6  6.8e-3   1.03   1.04   3.33   3.88   4.18   4.63  22947    1.0
outl_loglike[784]    3.9  5.0e-3   0.62   2.31   3.73   4.02   4.24   4.66  15303    1.0
outl_loglike[785]   3.93  3.8e-3   0.55   2.52   3.75   4.04   4.26   4.67  21178    1.0
outl_loglike[786]   4.16  2.3e-3    0.3   3.52   3.98   4.16   4.35   4.73  17313    1.0
outl_loglike[787]   4.12  2.4e-3   0.34   3.36   3.94   4.13   4.33   4.71  18942    1.0
outl_loglike[788]   4.09  2.7e-3   0.36   3.26   3.92   4.12   4.31   4.71  17090    1.0
outl_loglike[789]   3.99  3.0e-3   0.45   2.85   3.81   4.06   4.27   4.68  22419    1.0
outl_loglike[790]   3.78  4.8e-3   0.75   1.88   3.55   3.96   4.21   4.64  24251    1.0
outl_loglike[791]   -4.7    0.04   4.42 -14.39  -7.45  -4.43  -1.44   2.59  14872    1.0
outl_loglike[792]   3.93  3.8e-3   0.53   2.56   3.76   4.03   4.25   4.66  19364    1.0
outl_loglike[793]  -1.73    0.02    3.1  -8.67  -3.66   -1.3   0.66   2.87  21557    1.0
outl_loglike[794]   4.15  2.3e-3   0.31    3.5   3.97   4.16   4.34   4.73  18181    1.0
outl_loglike[795]   3.89  2.6e-3   0.49    2.7   3.65   3.97   4.21   4.63  35562    1.0
outl_loglike[796]  -0.03    0.01   2.42  -5.96  -1.33   0.46   1.73   3.34  27901    1.0
outl_loglike[797]   3.92  4.3e-3   0.58   2.45   3.75   4.03   4.25   4.66  18059    1.0
outl_loglike[798]    3.9  5.1e-3   0.63   2.32   3.74   4.03   4.25   4.66  15506    1.0
outl_loglike[799]   3.94  3.2e-3    0.5   2.65   3.75   4.03   4.25   4.67  25327    1.0
outl_loglike[800]   3.93  3.1e-3   0.51   2.62   3.74   4.02   4.25   4.66  26624    1.0
outl_loglike[801]   3.96  3.3e-3    0.5   2.68   3.79   4.05   4.26   4.66  22944    1.0
outl_loglike[802]   3.98  2.9e-3   0.47   2.78   3.79   4.06   4.28   4.69  25896    1.0
outl_loglike[803]  -4.52    0.03   3.75 -12.68  -6.83  -4.29  -1.85   1.83  17459    1.0
outl_loglike[804]   4.04  3.2e-3   0.42   3.01   3.87   4.09   4.29   4.69  16703    1.0
outl_loglike[805]   3.59  4.5e-3   0.75   1.71   3.27   3.77   4.09   4.55  27300    1.0
outl_loglike[806]   3.58  7.9e-3   1.11   0.96   3.35   3.87   4.15    4.6  19884    1.0
outl_loglike[807]   3.93  3.3e-3   0.51   2.61   3.74   4.03   4.25   4.66  24906    1.0
outl_loglike[808]   4.03  2.7e-3   0.41   3.03   3.85   4.08   4.29   4.69  23716    1.0
outl_loglike[809] -52.49    0.16  18.01  -92.6 -63.41 -50.67 -39.62 -22.76  13313    1.0
outl_loglike[810]  -1153    2.29 199.51  -1602  -1270  -1132  -1013 -825.3   7592    1.0
outl_loglike[811]  -8.83    0.03   3.23 -16.19 -10.65  -8.51  -6.56  -3.53  15577    1.0
outl_loglike[812] -35.99     0.1  11.21 -61.19 -42.68 -34.84 -28.01  -17.5  12026    1.0
outl_loglike[813]   3.08  5.4e-3   0.91   0.93    2.6   3.23   3.73   4.42  28131    1.0
outl_loglike[814]   3.65  2.5e-3   0.49   2.56   3.37    3.7   3.98   4.47  37045    1.0
outl_loglike[815]   2.08  7.5e-3   1.02  -0.19   1.49   2.18   2.78   3.79  18412    1.0
outl_loglike[816]   4.08  2.3e-3   0.34   3.36   3.89    4.1    4.3    4.7  21605    1.0
outl_loglike[817]  -8.47    0.03   3.43 -16.13  -10.5  -8.13  -6.05  -2.77  13305    1.0
outl_loglike[818]   4.17  2.1e-3   0.29   3.59   3.99   4.17   4.35   4.73  18035    1.0
outl_loglike[819]  -4.67    0.06   6.77 -19.97  -9.09  -3.84   1.29   4.01  12765    1.0
outl_loglike[820]   3.68  3.4e-3   0.63   2.13   3.38   3.81   4.12   4.59  34782    1.0
outl_loglike[821]   4.23  1.9e-3   0.25   3.77   4.05   4.21   4.39   4.76  17418    1.0
outl_loglike[822]   2.25  9.5e-3   1.57  -1.88   1.59   2.59   3.32   4.22  27648    1.0
outl_loglike[823] -31.78    0.09  10.17 -54.47 -37.88 -30.72 -24.52 -15.08  13995    1.0
outl_loglike[824]   4.17  2.1e-3   0.28   3.61    4.0   4.17   4.35   4.73  18176    1.0
outl_loglike[825]  -1.94    0.02    2.8  -8.13  -3.68  -1.66   0.17   2.52  21313    1.0
outl_loglike[826]   2.78  6.4e-3   0.94    0.6   2.25   2.89   3.44   4.23  21364    1.0
outl_loglike[827]   3.47  3.0e-3   0.53   2.31   3.16   3.52   3.84   4.39  30897    1.0
outl_loglike[828]   4.04  2.7e-3    0.4   3.08   3.86   4.09   4.29    4.7  21305    1.0
outl_loglike[829] -18.96    0.06   6.19  -32.6 -22.78 -18.43 -14.54  -8.57  10956    1.0
outl_loglike[830]   4.21  1.9e-3   0.26   3.73   4.04    4.2   4.38   4.75  18174    1.0
outl_loglike[831]   2.26    0.01   1.41  -1.26   1.58   2.51   3.24   4.22  17865    1.0
outl_loglike[832]  -1.27    0.02   2.53  -6.84  -2.87  -1.01   0.63   2.76  13339    1.0
outl_loglike[833]   4.16  2.1e-3    0.3   3.55   3.98   4.16   4.34   4.73  20595    1.0
outl_loglike[834]   3.74  2.6e-3   0.52    2.5   3.47   3.82   4.09   4.55  40103    1.0
outl_loglike[835]   4.21  2.0e-3   0.27   3.71   4.03    4.2   4.37   4.75  17277    1.0
outl_loglike[836]   4.05  2.2e-3   0.37   3.19   3.85   4.08   4.28   4.68  26977    1.0
outl_loglike[837]   0.55    0.01   1.66  -3.37  -0.36    0.8   1.72   3.11  23645    1.0
outl_loglike[838]   3.17  5.1e-3   0.95   0.85   2.71   3.35   3.83   4.44  35167    1.0
outl_loglike[839]  -10.0    0.04   3.73 -18.36 -12.23  -9.64  -7.38  -3.71  10903    1.0
outl_loglike[840]   3.78  3.0e-3   0.58   2.31   3.52    3.9   4.17    4.6  38609    1.0
outl_loglike[841]   4.15  2.2e-3    0.3   3.52   3.98   4.16   4.35   4.73  18219    1.0
outl_loglike[842]   4.17  2.2e-3   0.29   3.58    4.0   4.17   4.36   4.74  17597    1.0
outl_loglike[843]   3.94  2.5e-3   0.42   2.99   3.71   3.98   4.22   4.65  27071    1.0
outl_loglike[844]    3.8  2.5e-3   0.46   2.77   3.54   3.85   4.11   4.57  33414    1.0
outl_loglike[845]   3.65  4.9e-3   0.86   1.47   3.37   3.88   4.17   4.62  30709    1.0
outl_loglike[846]  -0.14    0.01   1.99  -4.85  -1.25   0.18    1.3   2.82  25082    1.0
outl_loglike[847]   4.01  2.2e-3   0.37   3.18    3.8   4.03   4.25   4.65  27444    1.0
outl_loglike[848]   4.17  2.1e-3   0.29   3.59    4.0   4.17   4.35   4.73  19365    1.0
outl_loglike[849]  -4.78    0.05   4.96 -15.64  -7.92  -4.45  -0.93   2.95   9618    1.0
outl_loglike[850]   4.07  2.4e-3   0.36   3.22   3.89    4.1    4.3    4.7  22812    1.0
outl_loglike[851]   4.09  2.4e-3   0.35    3.3    3.9   4.11   4.31   4.71  21211    1.0
outl_loglike[852]   2.58    0.01   1.78  -2.41   2.05   3.04    3.7    4.4  27730    1.0
outl_loglike[853]  -10.2    0.04   5.28 -21.77 -13.37  -9.72  -6.51  -1.06  14671    1.0
outl_loglike[854]   4.15  2.0e-3    0.3   3.53   3.98   4.15   4.34   4.71  22423    1.0
outl_loglike[855]   3.46  9.8e-3    1.4   0.09   3.24   3.85   4.16   4.61  20292    1.0
outl_loglike[856]   3.98  2.6e-3   0.41   3.03   3.77   4.02   4.25   4.68  25764    1.0
outl_loglike[857]   2.95  4.9e-3    0.8   1.15   2.49   3.04   3.52   4.26  26503    1.0
outl_loglike[858]   1.51    0.01   1.56  -2.29   0.71   1.77    2.6   3.76  18042    1.0
outl_loglike[859]   4.14  2.1e-3    0.3    3.5   3.96   4.14   4.33   4.72  21592    1.0
outl_loglike[860]   4.09  2.0e-3   0.33   3.32   3.92   4.12    4.3   4.68  28490    1.0
outl_loglike[861]   4.11  2.3e-3   0.34   3.34   3.92   4.12   4.32   4.71  21481    1.0
outl_loglike[862] -14.33    0.05   7.36 -30.83 -18.58 -13.54  -9.18  -1.99  18280    1.0
outl_loglike[863]    4.2  2.0e-3   0.27   3.69   4.02   4.19   4.37   4.75  18676    1.0
outl_loglike[864]   4.17  2.1e-3   0.29   3.59    4.0   4.17   4.35   4.73  19454    1.0
outl_loglike[865]   3.97  2.9e-3   0.48   2.73    3.8   4.05   4.25   4.65  27854    1.0
outl_loglike[866]   3.65  3.3e-3   0.61    2.2   3.33   3.74   4.07   4.57  34889    1.0
outl_loglike[867]   4.08  2.7e-3   0.37    3.2    3.9   4.11   4.31   4.71  19457    1.0
outl_loglike[868] -14.63    0.06   6.94 -30.35 -18.75 -13.92  -9.75   -3.1  13618    1.0
outl_loglike[869]   0.42    0.02   1.89  -3.96  -0.66   0.69   1.78   3.31  13622    1.0
outl_loglike[870]   1.76  9.6e-3   1.73  -2.79   1.05   2.14   2.94   3.98  32268    1.0
outl_loglike[871]   3.85  2.6e-3    0.4   2.99    3.6   3.87   4.12   4.58  23893    1.0
outl_loglike[872]  -7.98    0.03   3.63 -16.21  -10.1  -7.59  -5.45  -1.93  17195    1.0
outl_loglike[873]   3.59  2.5e-3    0.5   2.45    3.3   3.64   3.94   4.45  39919    1.0
outl_loglike[874]   4.02  2.4e-3   0.39   3.11   3.83   4.06   4.27   4.68  26459    1.0
outl_loglike[875]    2.4  4.6e-3   0.88   0.41   1.91   2.49   3.01   3.85  36095    1.0
outl_loglike[876]   3.48  3.6e-3   0.63   2.05   3.13   3.56   3.92   4.47  30384    1.0
outl_loglike[877] -21.62    0.05   5.34 -33.61 -24.73 -21.05  -17.9  -12.8  10468    1.0
outl_loglike[878]   2.61  4.3e-3   0.86   0.65   2.12   2.71   3.21    4.0  39814    1.0
outl_loglike[879] -18.69    0.07   7.67 -36.23 -23.22 -17.74 -13.21  -6.42  11314    1.0
outl_loglike[880]   4.18  2.0e-3   0.28   3.63    4.0   4.18   4.36   4.74  18587    1.0
outl_loglike[881]  -7.63    0.03   4.94 -18.45 -10.57  -7.27  -4.24   1.16  21857    1.0
lp__              -509.8    0.61  50.81 -609.7 -544.1 -509.8 -475.3 -410.4   6915    1.0

Samples were drawn using NUTS at Tue Sep 17 10:41:19 2019.
For each parameter, n_eff is a crude measure of effective sample size,
and Rhat is the potential scale reduction factor on split chains (at 
convergence, Rhat=1).
